排名	关键词	热度	特征	时间
1	新娘结婚拍到奶奶偷看化妆	148506	沸	2019-12-23T22:55:32.596503
2	金晨 我又炒作啥了	76506	热	2019-12-23T22:55:32.596594
3	开启更好2020	71895	荐	2019-12-23T22:55:32.596668
4	左婧媛 唐莉佳	61630		2019-12-23T22:55:32.596740
5	朋友圈可以设置朋友权限了	60999	沸	2019-12-23T22:55:32.596803
6	星战终章传奇永恒	46844		2019-12-23T22:55:32.596874
7	2019年赴韩中国游客创新高	39872		2019-12-23T22:55:32.596928
8	看演唱会被误认成易烊千玺	37950	沸	2019-12-23T22:55:32.596982
9	波音CEO辞职	37949		2019-12-23T22:55:32.597050
10	文在寅表示香港新疆都是中国内政	37949	沸	2019-12-23T22:55:32.597104
11	日本欲将核污水排入大气或大海	37924		2019-12-23T22:55:32.597173
12	婚姻法	37883	沸	2019-12-23T22:55:32.597228
13	马思纯零台词演抑郁症	37870	热	2019-12-23T22:55:32.597295
14	小猪先生回应离婚	37834	热	2019-12-23T22:55:32.597363
15	浏阳花炮厂爆炸瞒报死亡人数	37811		2019-12-23T22:55:32.597430
16	河南大学公益林	37797		2019-12-23T22:55:32.597484
17	韩安冉离婚	37754		2019-12-23T22:55:32.597539
18	靳东王鸥三生三世	37734	热	2019-12-23T22:55:32.597593
19	支付宝	37710		2019-12-23T22:55:32.597660
20	黄晓明冯绍峰	37697		2019-12-23T22:55:32.597714
21	男人能否认出化妆变身后的妻子	37658		2019-12-23T22:55:32.597766
22	包子铺23层蒸笼堆到二楼阳台	37655		2019-12-23T22:55:32.597820
23	相亲结婚的人会过得幸福吗	37074		2019-12-23T22:55:32.597874
24	记者报道彩票开奖时发现自己中奖	33849		2019-12-23T22:55:32.597929
25	精英律师	32736		2019-12-23T22:55:32.597984
26	熬夜刚需	29350		2019-12-23T22:55:32.598037
27	没人扛得住女生撒娇	28275		2019-12-23T22:55:32.598100
28	想见你	26727		2019-12-23T22:55:32.598154
29	登记在册在世幸存者只剩77人	25930		2019-12-23T22:55:32.598207
30	西藏所有县区全部脱贫摘帽	25751		2019-12-23T22:55:32.598259
31	网约车20公里绕成80公里	25673		2019-12-23T22:55:32.598313
32	现在的高中生也太沙雕了	24713		2019-12-23T22:55:32.598366
33	男生190在女生眼里啥样	23997		2019-12-23T22:55:32.598419
34	女性太瘦易抑郁	23522		2019-12-23T22:55:32.598471
35	2020年不用房地产短期刺激经济	23311		2019-12-23T22:55:32.598523
36	绍兴文理学院元培学院	21527		2019-12-23T22:55:32.598577
37	偶遇前任是种什么体验	20439		2019-12-23T22:55:32.598630
38	鹤唳华亭	19905		2019-12-23T22:55:32.598681
39	iphonex电池劣化提醒	17632		2019-12-23T22:55:32.598734
40	只有芸知道原型	16977		2019-12-23T22:55:32.598787
41	高级的性感长什么样	16527		2019-12-23T22:55:32.598840
42	朋友圈可以评论表情包了	16018		2019-12-23T22:55:32.598893
43	你看到过最丧的句子是什么	15740		2019-12-23T22:55:32.598945
44	朋友圈会屏蔽哪些人	15009		2019-12-23T22:55:32.598999
45	唐探3主题曲MV	14947		2019-12-23T22:55:32.599052
46	微信翻译	14927		2019-12-23T22:55:32.599105
47	7旬学生为98岁班主任庆生	14653		2019-12-23T22:55:32.599158
48	陈伟霆被粉丝喂狗粮	14089		2019-12-23T22:55:32.599211
49	左佳	14056		2019-12-23T22:55:32.599264
50	东京迪士尼乐园陷气球荒	12640		2019-12-23T22:55:32.599316
