排名	关键词	热度	特征	时间
1	Giao哥结婚	4327330	新	2019-12-30T14:32:55.303427
2	武汉ZARA	2224471	热	2019-12-30T14:32:55.303549
3	韩庚卢靖姗婚礼欢迎晚宴	2211739	沸	2019-12-30T14:32:55.303656
4	易烊千玺胡先煦李兰迪期末合照	2071665	新	2019-12-30T14:32:55.303742
5	女大学生捐卵还贷	1496231	新	2019-12-30T14:32:55.303829
6	哪个瞬间不想在外漂了	1288846		2019-12-30T14:32:55.303916
7	刘昊然露额头证件照	1089593	沸	2019-12-30T14:32:55.303988
8	芒果跨年设置应援黑榜	727374		2019-12-30T14:32:55.304070
9	2020 爱你爱你	503156	沸	2019-12-30T14:32:55.304142
10	金希澈避谈雪莉具荷拉的原因	502803		2019-12-30T14:32:55.304223
11	朱广权对冷空气下嘴了	495574		2019-12-30T14:32:55.304295
12	两名中国游客在菲律宾溺亡	480253		2019-12-30T14:32:55.304366
13	女生化妆后的脑回路	467157		2019-12-30T14:32:55.304435
14	且听凤鸣主演阵容	453007		2019-12-30T14:32:55.304503
15	钟丽缇女儿走秀	437966	热	2019-12-30T14:32:55.304569
16	星星奶茶耳环	419901		2019-12-30T14:32:55.304648
17	帅哥发腮	409303		2019-12-30T14:32:55.304715
18	信阳老人遇阻猝死案宣判	389662	新	2019-12-30T14:32:55.304782
19	女生的背影有多好看	358748		2019-12-30T14:32:55.304862
20	撒贝宁猜饭圈用语	321510		2019-12-30T14:32:55.304930
21	外国人回国后太难了	280313		2019-12-30T14:32:55.304996
22	400只羊走出阅兵步伐	278167	新	2019-12-30T14:32:55.305063
23	神仙提子酥	254604	新	2019-12-30T14:32:55.305141
24	云南检方通报丽江反杀案	251450	新	2019-12-30T14:32:55.305220
25	点外卖经常备注的话	245338		2019-12-30T14:32:55.305300
26	东方跨年手绘节目单	238986		2019-12-30T14:32:55.305369
27	人鱼公主妆	220000		2019-12-30T14:32:55.305435
28	你和其他女生说叠词的区别	215363	新	2019-12-30T14:32:55.305501
29	非寄宿制中小学不得设食品小卖部	205403		2019-12-30T14:32:55.305579
30	王者荣耀S18赛季	204791		2019-12-30T14:32:55.305649
31	养猫和养狗子的区别	203615		2019-12-30T14:32:55.305719
32	19年度沙雕明星大赏	194619	新	2019-12-30T14:32:55.305788
33	北京检方对孙文斌暴力杀医案审查起诉	190858		2019-12-30T14:32:55.305866
34	外交部劝美国手别伸太长容易闪着腰	190072		2019-12-30T14:32:55.305934
35	东方跨年彩排路透	189437	新	2019-12-30T14:32:55.306005
36	大明风华胡善祥	186628	新	2019-12-30T14:32:55.306108
37	2030年中国人期望寿命	184746	新	2019-12-30T14:32:55.306191
38	羊毛毡的买家秀有多好笑	182129		2019-12-30T14:32:55.306276
39	婚姻故事确认引进内地	173926		2019-12-30T14:32:55.306345
40	锦衣之下	158049		2019-12-30T14:32:55.306424
41	王源宇航员造型	156879		2019-12-30T14:32:55.306489
42	男女生冬天衣服数量的区别	147391	新	2019-12-30T14:32:55.306555
43	烟台下雪	134196	新	2019-12-30T14:32:55.306634
44	2019年度汉字	133741	新	2019-12-30T14:32:55.306714
45	那些容易听混淆的歌	133433	新	2019-12-30T14:32:55.306791
46	棉裤预警地图	132868	新	2019-12-30T14:32:55.306868
47	因航班延误维也纳乐队机场即兴演奏	132043	新	2019-12-30T14:32:55.306945
48	日本航空明年送5万张机票给外国旅客	131452		2019-12-30T14:32:55.307026
49	RNG七周年	131310		2019-12-30T14:32:55.307097
50	四川绵阳5车相撞多人被卡	120462	新	2019-12-30T14:32:55.307165
