排名	关键词	热度	特征	时间
1	新娘结婚拍到奶奶偷看化妆	192517	沸	2019-12-23T20:49:38.393012
2	金晨 我又炒作啥了	115142	热	2019-12-23T20:49:38.393126
3	阿玛尼405G	97629	荐	2019-12-23T20:49:38.393223
4	波音CEO辞职	69055		2019-12-23T20:49:38.393317
5	朋友圈可以设置朋友权限了	67638	沸	2019-12-23T20:49:38.393394
6	看演唱会被误认成易烊千玺	65553	沸	2019-12-23T20:49:38.393484
7	左婧媛 唐莉佳	57923		2019-12-23T20:49:38.393572
8	日本欲将核污水排入大气或大海	51888		2019-12-23T20:49:38.393643
9	文在寅表示香港新疆都是中国内政	44355	沸	2019-12-23T20:49:38.393715
10	2019年赴韩中国游客创新高	42582		2019-12-23T20:49:38.393807
11	婚姻法	42528	沸	2019-12-23T20:49:38.393889
12	马思纯零台词演抑郁症	42441	热	2019-12-23T20:49:38.393978
13	浏阳花炮厂爆炸瞒报死亡人数	42339		2019-12-23T20:49:38.394075
14	小猪先生回应离婚	41882	热	2019-12-23T20:49:38.394150
15	朋友圈可以评论表情包了	41835		2019-12-23T20:49:38.394246
16	韩安冉离婚	41763		2019-12-23T20:49:38.394328
17	靳东王鸥三生三世	41581	热	2019-12-23T20:49:38.394409
18	黄晓明冯绍峰	41492		2019-12-23T20:49:38.394508
19	支付宝	41370		2019-12-23T20:49:38.394587
20	男人能否认出化妆变身后的妻子	41336	新	2019-12-23T20:49:38.394666
21	精英律师	41215		2019-12-23T20:49:38.394764
22	熬夜刚需	41070		2019-12-23T20:49:38.394842
23	包子铺23层蒸笼堆到二楼阳台	41020		2019-12-23T20:49:38.394920
24	相亲结婚的人会过得幸福吗	40864		2019-12-23T20:49:38.394999
25	记者报道彩票开奖时发现自己中奖	40812		2019-12-23T20:49:38.395078
26	女性太瘦易抑郁	40757		2019-12-23T20:49:38.395156
27	想见你	39034		2019-12-23T20:49:38.395234
28	登记在册在世幸存者只剩77人	38563		2019-12-23T20:49:38.395313
29	西藏所有县区全部脱贫摘帽	38469		2019-12-23T20:49:38.395392
30	没人扛得住女生撒娇	38465		2019-12-23T20:49:38.395470
31	男生190在女生眼里啥样	34215		2019-12-23T20:49:38.395547
32	现在的高中生也太沙雕了	34054		2019-12-23T20:49:38.395624
33	鹤唳华亭	33300		2019-12-23T20:49:38.395701
34	网约车20公里绕成80公里	30406		2019-12-23T20:49:38.395777
35	7旬学生为98岁班主任庆生	29607		2019-12-23T20:49:38.395855
36	绍兴文理学院元培学院	27845		2019-12-23T20:49:38.395933
37	偶遇前任是种什么体验	27148		2019-12-23T20:49:38.396011
38	iphonex电池劣化提醒	27120		2019-12-23T20:49:38.396090
39	河南大学公益林	26860		2019-12-23T20:49:38.396167
40	你看到过最丧的句子是什么	24993		2019-12-23T20:49:38.396243
41	2020年不用房地产短期刺激经济	24451		2019-12-23T20:49:38.396319
42	朋友圈会屏蔽哪些人	21919		2019-12-23T20:49:38.396397
43	高级的性感长什么样	21396		2019-12-23T20:49:38.396474
44	唐探3主题曲MV	20901		2019-12-23T20:49:38.396551
45	只有芸知道原型	20266		2019-12-23T20:49:38.396629
46	陈伟霆被粉丝喂狗粮	19075		2019-12-23T20:49:38.396705
47	微信翻译	18953		2019-12-23T20:49:38.396783
48	东京迪士尼乐园陷气球荒	17589		2019-12-23T20:49:38.396859
49	左佳	16690		2019-12-23T20:49:38.396935
50	影视剧男女主相遇套路	13693		2019-12-23T20:49:38.397012
