排名	关键词	热度	特征	时间
1	高以翔百度百科	4905705	新	2019-12-22T10:37:51.461293
2	刘鑫微博账号被封	1964663	热	2019-12-22T10:37:51.461434
3	30岁100万够吗	1963404	荐	2019-12-22T10:37:51.461563
4	魏大勋衣服	1962040	热	2019-12-22T10:37:51.461683
5	黄宗泽 张沙沙	1938541	新	2019-12-22T10:37:51.461802
6	YSL红出界	1310812	荐	2019-12-22T10:37:51.461920
7	大岳丸死了	1173017	沸	2019-12-22T10:37:51.462037
8	考研结束	1142035	新	2019-12-22T10:37:51.462169
9	连吃12个包子消防员因病离职	967333		2019-12-22T10:37:51.462288
10	冬至吃啥	567575	沸	2019-12-22T10:37:51.462382
11	PDD 只有李现能演我	562014	沸	2019-12-22T10:37:51.462499
12	陈伟霆 这么肉体的问题	523110	新	2019-12-22T10:37:51.462616
13	没有嘴巴的可达鸭	444698		2019-12-22T10:37:51.462735
14	丽江反杀案女方父亲婉拒捐款	419219		2019-12-22T10:37:51.462829
15	冬至	324099		2019-12-22T10:37:51.462923
16	你笑起来真好看原创演唱	300117	热	2019-12-22T10:37:51.463018
17	刘涛用粉丝亲吻图做头像	295180	新	2019-12-22T10:37:51.463133
18	下届考研生提前一个月占座	290700	新	2019-12-22T10:37:51.463250
19	奶茶手机壳	284750	新	2019-12-22T10:37:51.463365
20	最硬核的辞职信	278865		2019-12-22T10:37:51.463480
21	最受欢迎的男女生身高	271993		2019-12-22T10:37:51.463573
22	周杰伦昆凌主页对看	266527	新	2019-12-22T10:37:51.463665
23	司机吃包子被查出酒驾	262729		2019-12-22T10:37:51.463780
24	庆余年小说	233428		2019-12-22T10:37:51.463872
25	男女生发朋友圈的差别	227079		2019-12-22T10:37:51.463964
26	南湖佰港城	211179	新	2019-12-22T10:37:51.464057
27	杨紫的破坏能力	210229	新	2019-12-22T10:37:51.464172
28	朱星杰没认出李荣浩	208845		2019-12-22T10:37:51.464292
29	禁止网络暴力流量造假等活动	207436		2019-12-22T10:37:51.464391
30	当民族乐器遇上七子之歌	204907		2019-12-22T10:37:51.464489
31	美国媳妇东北话十级	204260		2019-12-22T10:37:51.464587
32	鞠婧祎红色短裙	198943		2019-12-22T10:37:51.464683
33	王嘉尔给自己当翻译	198021	新	2019-12-22T10:37:51.464777
34	妻子考研老公家务全包	186904		2019-12-22T10:37:51.464893
35	男子酒后持棍棒追打母亲致死	178943		2019-12-22T10:37:51.464987
36	四川大学冬至1分钱饺子	156500		2019-12-22T10:37:51.465080
37	泫雅南京	156473		2019-12-22T10:37:51.465172
38	有个佛系女友是怎样的体验	156353		2019-12-22T10:37:51.465263
39	妈妈扮成皮卡丘给女儿惊喜	155548		2019-12-22T10:37:51.465356
40	匿名爆料后被投诉者找上门	154947		2019-12-22T10:37:51.465450
41	考研数学	146076		2019-12-22T10:37:51.465544
42	郑爽冬日风大片	145221		2019-12-22T10:37:51.465640
43	影视剧中的古装初恋脸	144836		2019-12-22T10:37:51.465732
44	央视曝光健身房办卡陷阱	143557	新	2019-12-22T10:37:51.465824
45	xiye四杀	143451		2019-12-22T10:37:51.465939
46	长期失眠的人怎么样了	131857		2019-12-22T10:37:51.466030
47	农妇用烧火棍直播在墙上作画	129899	新	2019-12-22T10:37:51.466130
48	康辉的才艺表演	129858		2019-12-22T10:37:51.466249
49	浙江渔船在海上沉没7人失联	129264		2019-12-22T10:37:51.466342
50	05后的情话	126408	新	2019-12-22T10:37:51.466434
