排名	关键词	热度	特征	时间
1	Giao哥结婚	746975	沸	2019-12-30T18:46:41.996551
2	民航总医院就杨文医生被害事件发布通报	574305	沸	2019-12-30T18:46:41.996639
3	名中带金 买一送一	570446	荐	2019-12-30T18:46:41.996712
4	张翰马天宇牵手错位图	542145	新	2019-12-30T18:46:41.996783
5	沈腾评论韩寒没人接机	495961	热	2019-12-30T18:46:41.996853
6	女孩最喜欢的新年礼物	416708		2019-12-30T18:46:41.996921
7	易烊千玺胡先煦李兰迪期末合照	292746	沸	2019-12-30T18:46:41.996975
8	人人正式回归社交市场	171019		2019-12-30T18:46:41.997043
9	北京首例校门口咸猪手入罪案件	146361		2019-12-30T18:46:41.997098
10	2020 爱你爱你	140741	沸	2019-12-30T18:46:41.997155
11	芒果跨年设置应援黑榜	138742		2019-12-30T18:46:41.997224
12	韩庚卢靖姗婚礼欢迎晚宴	131626	沸	2019-12-30T18:46:41.997278
13	男女生冬天衣服数量的区别	123874		2019-12-30T18:46:41.997345
14	大明风华胡善祥	115085		2019-12-30T18:46:41.997398
15	朱广权对冷空气下嘴了	112798		2019-12-30T18:46:41.997451
16	女生化妆后的脑回路	111031		2019-12-30T18:46:41.997505
17	比织毛衣还难的密码	110990	新	2019-12-30T18:46:41.997558
18	被男友演唱会求婚当场晕倒	109723	新	2019-12-30T18:46:41.997625
19	女生容易含胸驼背的原因	109200		2019-12-30T18:46:41.997692
20	3人攀爬巨蟒峰打26枚岩钉	108418		2019-12-30T18:46:41.997745
21	陈伟霆 金丝眼镜	107392	新	2019-12-30T18:46:41.997799
22	武汉ZARA	106274	热	2019-12-30T18:46:41.997864
23	广东火烧云	106096		2019-12-30T18:46:41.997930
24	金希澈避谈雪莉具荷拉的原因	105616	热	2019-12-30T18:46:41.997987
25	400只羊走出阅兵步伐	100593		2019-12-30T18:46:41.998080
26	女生的背影有多好看	93855		2019-12-30T18:46:41.998143
27	刘昊然露额头证件照	88927	热	2019-12-30T18:46:41.998203
28	因航班延误维也纳乐队机场即兴演奏	88651		2019-12-30T18:46:41.998278
29	420米冰滑梯游客边玩边哭	86094	新	2019-12-30T18:46:41.998339
30	非寄宿制中小学不得设食品小卖部	82700		2019-12-30T18:46:41.998417
31	帅哥发腮	81685		2019-12-30T18:46:41.998477
32	云南检方通报丽江反杀案	81419		2019-12-30T18:46:41.998536
33	东方跨年彩排路透	66198		2019-12-30T18:46:41.998595
34	锦衣之下	63147		2019-12-30T18:46:41.998654
35	外交部劝美国手别伸太长容易闪着腰	61499		2019-12-30T18:46:41.998714
36	天下足球看哭了	61072		2019-12-30T18:46:41.998775
37	羊毛毡的买家秀有多好笑	58472		2019-12-30T18:46:41.998834
38	点外卖经常备注的话	55701		2019-12-30T18:46:41.998894
39	2030年中国人期望寿命	52447		2019-12-30T18:46:41.998953
40	两名中国游客在菲律宾溺亡	52394		2019-12-30T18:46:41.999012
41	Produce系列或制作第五季	50435		2019-12-30T18:46:41.999070
42	撒贝宁猜饭圈用语	49701		2019-12-30T18:46:41.999129
43	外国人回国后太难了	47838		2019-12-30T18:46:41.999188
44	神仙提子酥	45597		2019-12-30T18:46:41.999247
45	信阳老人遇阻猝死案宣判	45510		2019-12-30T18:46:41.999307
46	人鱼公主妆	44733		2019-12-30T18:46:41.999367
47	且听凤鸣主演阵容	37301		2019-12-30T18:46:41.999427
48	星星奶茶耳环	35284		2019-12-30T18:46:41.999486
49	烟台下雪	34567		2019-12-30T18:46:41.999545
50	东方跨年手绘节目单	34261		2019-12-30T18:46:41.999604
