排名	关键词	热度	特征	时间
1	Giao哥结婚	251645	沸	2019-12-30T20:42:46.942020
2	民航总医院就杨文医生被害事件发布通报	207039	沸	2019-12-30T20:42:46.942136
3	百亿补贴	202723	荐	2019-12-30T20:42:46.942205
4	沈腾评论韩寒没人接机	183056	热	2019-12-30T20:42:46.942273
5	张翰马天宇牵手错位图	173359	热	2019-12-30T20:42:46.942341
6	2分钟拿下驾照	94362	荐	2019-12-30T20:42:46.942416
7	易烊千玺胡先煦李兰迪期末合照	87492	沸	2019-12-30T20:42:46.942478
8	人人正式回归社交市场	61661		2019-12-30T20:42:46.942548
9	因航班延误维也纳乐队机场即兴演奏	59093		2019-12-30T20:42:46.942599
10	2020 爱你爱你	49798	沸	2019-12-30T20:42:46.942650
11	大明风华胡善祥	46604		2019-12-30T20:42:46.942713
12	韩庚卢靖姗婚礼欢迎晚宴	45215	沸	2019-12-30T20:42:46.942764
13	芒果跨年设置应援黑榜	40981		2019-12-30T20:42:46.942826
14	女生化妆后的脑回路	36038		2019-12-30T20:42:46.942876
15	北京首例校门口咸猪手入罪案件	34365		2019-12-30T20:42:46.942925
16	东方跨年彩排路透	34330		2019-12-30T20:42:46.942975
17	朱广权对冷空气下嘴了	34283		2019-12-30T20:42:46.943026
18	女生容易含胸驼背的原因	33816		2019-12-30T20:42:46.943076
19	被男友演唱会求婚当场晕倒	33715		2019-12-30T20:42:46.943127
20	3人攀爬巨蟒峰打26枚岩钉	32800		2019-12-30T20:42:46.943175
21	陈伟霆 金丝眼镜	32312		2019-12-30T20:42:46.943224
22	武汉ZARA	32195	热	2019-12-30T20:42:46.943273
23	400只羊走出阅兵步伐	31679		2019-12-30T20:42:46.943334
24	广东火烧云	31083		2019-12-30T20:42:46.943384
25	刘昊然露额头证件照	30784		2019-12-30T20:42:46.943434
26	女生的背影有多好看	30406		2019-12-30T20:42:46.943484
27	男女生冬天衣服数量的区别	30176		2019-12-30T20:42:46.943533
28	420米冰滑梯游客边玩边哭	27018		2019-12-30T20:42:46.943583
29	2019年度汉字	26056		2019-12-30T20:42:46.943632
30	外交部劝美国手别伸太长容易闪着腰	26030		2019-12-30T20:42:46.943681
31	锦衣之下	26026		2019-12-30T20:42:46.943732
32	Produce系列或制作第五季	25322		2019-12-30T20:42:46.943783
33	比织毛衣还难的密码	24780		2019-12-30T20:42:46.943833
34	天下足球看哭了	24703		2019-12-30T20:42:46.943883
35	非寄宿制中小学不得设食品小卖部	22943		2019-12-30T20:42:46.943933
36	点外卖经常备注的话	22329		2019-12-30T20:42:46.943982
37	信阳老人遇阻猝死案宣判	21995		2019-12-30T20:42:46.944030
38	2030年中国人期望寿命	21968		2019-12-30T20:42:46.944080
39	云南检方通报丽江反杀案	21884		2019-12-30T20:42:46.944130
40	金希澈避谈雪莉具荷拉的原因	21119		2019-12-30T20:42:46.944180
41	羊毛毡的买家秀有多好笑	19861		2019-12-30T20:42:46.944229
42	帅哥发腮	19259		2019-12-30T20:42:46.944279
43	撒贝宁猜饭圈用语	18747		2019-12-30T20:42:46.944328
44	两名中国游客在菲律宾溺亡	18449		2019-12-30T20:42:46.944376
45	外国人回国后太难了	18116		2019-12-30T20:42:46.944425
46	烟台下雪	17149		2019-12-30T20:42:46.944475
47	鹤唳华亭	16182		2019-12-30T20:42:46.944525
48	人鱼公主妆	15750		2019-12-30T20:42:46.944574
49	且听凤鸣主演阵容	15282		2019-12-30T20:42:46.944623
50	神仙提子酥	14313		2019-12-30T20:42:46.944672
