排名	关键词	热度	特征	时间
1	袁弘微博评论	2169386	热	2019-12-17T00:40:48.060152
2	香港被烧老伯已可下床走路	1946687		2019-12-17T00:40:48.060224
3	令人羡慕的年终奖	1892875	荐	2019-12-17T00:40:48.060274
4	庆余年居然是科幻片	1747381	新	2019-12-17T00:40:48.060330
5	五竹和叶轻眉	766562		2019-12-17T00:40:48.060386
6	李兰迪剧照截图对比	653181		2019-12-17T00:40:48.060433
7	庆余年	452284	沸	2019-12-17T00:40:48.060478
8	1亿人在假装健身	382461	沸	2019-12-17T00:40:48.060534
9	林郑月娥	348755		2019-12-17T00:40:48.060593
10	太子妃下线	328996	热	2019-12-17T00:40:48.060638
11	陈道明张若昀生图	300543	沸	2019-12-17T00:40:48.060694
12	明年起网剧可参评白玉兰	293515	新	2019-12-17T00:40:48.060756
13	内地男孩塑料粤语感谢澳门同学	222441		2019-12-17T00:40:48.060816
14	清华美院男生堆冰雪维纳斯	201301		2019-12-17T00:40:48.060865
15	最爱老婆的螃蟹是真的吗	198030		2019-12-17T00:40:48.060913
16	爱的迫降	193990		2019-12-17T00:40:48.060960
17	鸡翅项链	193557	新	2019-12-17T00:40:48.061008
18	女生的毛巾vs男生的毛巾	191050	新	2019-12-17T00:40:48.061067
19	当大唐不倒翁遇上魔幻重庆路	189087		2019-12-17T00:40:48.061126
20	毕业后你和同学差距有多大	186106	新	2019-12-17T00:40:48.061173
21	郭碧婷给向爸庆生	183849		2019-12-17T00:40:48.061232
22	适合跨年发的朋友圈文案	181633		2019-12-17T00:40:48.061280
23	吴亦凡宝宝特效	180643		2019-12-17T00:40:48.061327
24	神奇蘑菇可以缓解抑郁症	177078		2019-12-17T00:40:48.061374
25	大学时代里最孤独的瞬间	176984	新	2019-12-17T00:40:48.061421
26	汪涵在静室给王一博发微信	165030		2019-12-17T00:40:48.061480
27	庆余年箱子	157659		2019-12-17T00:40:48.061527
28	2020年贺岁纪念币	146496		2019-12-17T00:40:48.061575
29	央视发布新版七子之歌MV	138816		2019-12-17T00:40:48.061622
30	黄璐离婚	138488		2019-12-17T00:40:48.061669
31	赫海	125907		2019-12-17T00:40:48.061717
32	一级军士长第2166次跳伞	119577	新	2019-12-17T00:40:48.061763
33	邓伦张鲁一ab故宫堆雪人	113432		2019-12-17T00:40:48.061822
34	iBoy加入VG	105357	新	2019-12-17T00:40:48.061869
35	尹正DJ版一剪梅	103213		2019-12-17T00:40:48.061928
36	演员拍戏不减肥是不敬业吗	93559		2019-12-17T00:40:48.061976
37	梦回编剧	88595		2019-12-17T00:40:48.062024
38	最能接受的分手方式	86848		2019-12-17T00:40:48.062091
39	叶问4改档	85159	新	2019-12-17T00:40:48.062140
40	撒贝宁当爸	83724		2019-12-17T00:40:48.062197
41	iG人员调整	78601		2019-12-17T00:40:48.062243
42	吉克隽逸阿云嘎对话	78546		2019-12-17T00:40:48.062288
43	把下雪玩成了炒酸奶	78460		2019-12-17T00:40:48.062332
44	广州化工厂火灾	78209		2019-12-17T00:40:48.062377
45	喝酒脸红的人易患阿兹海默症	77041		2019-12-17T00:40:48.062432
46	阿水去哪	75872	新	2019-12-17T00:40:48.062475
47	365个旅行故事	75039	新	2019-12-17T00:40:48.062530
48	Smlz回归	74580		2019-12-17T00:40:48.062584
49	鹤唳华亭	71647		2019-12-17T00:40:48.062627
50	深圳二手房成交量创新高	69212		2019-12-17T00:40:48.062671
