排名	关键词	热度	特征	时间
1	袁弘微博评论	222769	热	2019-12-16T21:49:38.186725
2	香港被烧老伯已可下床走路	150836		2019-12-16T21:49:38.186910
3	庆余年	146110	沸	2019-12-16T21:49:38.187035
4	李兰迪剧照截图对比	115483		2019-12-16T21:49:38.187189
5	五竹和叶轻眉	78241		2019-12-16T21:49:38.187305
6	太子妃下线	70754	热	2019-12-16T21:49:38.187420
7	1亿人在假装健身	44059	沸	2019-12-16T21:49:38.187564
8	林郑月娥	35734		2019-12-16T21:49:38.187707
9	陈道明张若昀生图	35654	沸	2019-12-16T21:49:38.187820
10	内地男孩塑料粤语感谢澳门同学	35598		2019-12-16T21:49:38.187960
11	黄璐离婚	35516	热	2019-12-16T21:49:38.188074
12	撒贝宁当爸	33353		2019-12-16T21:49:38.188216
13	清华美院男生堆冰雪维纳斯	26991		2019-12-16T21:49:38.188329
14	明凯转型担任EDG主教练	26026		2019-12-16T21:49:38.188442
15	爱的迫降	25393		2019-12-16T21:49:38.188552
16	吴亦凡宝宝特效	24432		2019-12-16T21:49:38.188664
17	庆余年箱子	24020		2019-12-16T21:49:38.188776
18	广州化工厂火灾	23399		2019-12-16T21:49:38.188886
19	适合跨年发的朋友圈文案	23345		2019-12-16T21:49:38.188996
20	郭碧婷给向爸庆生	23252		2019-12-16T21:49:38.189107
21	汪涵在静室给王一博发微信	23202		2019-12-16T21:49:38.189217
22	鹤唳华亭	23042		2019-12-16T21:49:38.189328
23	当大唐不倒翁遇上魔幻重庆路	23015		2019-12-16T21:49:38.189439
24	最能接受的分手方式	22875		2019-12-16T21:49:38.189551
25	演员拍戏不减肥是不敬业吗	22824		2019-12-16T21:49:38.189663
26	邓伦张鲁一ab故宫堆雪人	22734		2019-12-16T21:49:38.189776
27	2020年贺岁纪念币	22545		2019-12-16T21:49:38.189888
28	央视发布新版七子之歌MV	22507		2019-12-16T21:49:38.189999
29	神奇蘑菇可以缓解抑郁症	22408		2019-12-16T21:49:38.190129
30	吉克隽逸阿云嘎对话	21689		2019-12-16T21:49:38.190244
31	NASA将送首位女宇航员登月	21599		2019-12-16T21:49:38.190358
32	最爱老婆的螃蟹是真的吗	20338		2019-12-16T21:49:38.190472
33	尹正DJ版一剪梅	19154		2019-12-16T21:49:38.190581
34	萧定权陆文昔还没相认	18892		2019-12-16T21:49:38.190692
35	Smlz回归	18521		2019-12-16T21:49:38.190804
36	iG人员调整	18355		2019-12-16T21:49:38.190917
37	周杰伦深圳演唱会	17614		2019-12-16T21:49:38.191030
38	梦回编剧	17466		2019-12-16T21:49:38.191143
39	赫海	17376		2019-12-16T21:49:38.191254
40	不法分子听了发抖的交响乐	17261		2019-12-16T21:49:38.191362
41	什么食物一吃就感觉要过年	17091		2019-12-16T21:49:38.191474
42	温州一女子遭公公和丈夫暴打	16859		2019-12-16T21:49:38.191584
43	自己如何和自己接吻	16210		2019-12-16T21:49:38.191695
44	Mata担任RNG主教练	15025		2019-12-16T21:49:38.191808
45	把KFC老爷爷的领结看成了手脚	14550		2019-12-16T21:49:38.191922
46	专家警告日本有绝种风险	14487		2019-12-16T21:49:38.192035
47	把下雪玩成了炒酸奶	14482		2019-12-16T21:49:38.192147
48	深圳二手房成交量创新高	14436		2019-12-16T21:49:38.192259
49	喝酒脸红的人易患阿兹海默症	13380		2019-12-16T21:49:38.192370
50	北京下雪	9960		2019-12-16T21:49:38.192481
