排名	关键词	热度	特征	时间
1	郭京飞割眼袋	397639	沸	2019-12-27T19:59:29.957868
2	胖五	326005	沸	2019-12-27T19:59:29.957976
3	美好生活一起Pro	298401	荐	2019-12-27T19:59:29.958070
4	庆余年2进展	278411	沸	2019-12-27T19:59:29.958157
5	不建议睡觉时玩手机的原因	276695	沸	2019-12-27T19:59:29.958238
6	年度打脸大赏	243563	荐	2019-12-27T19:59:29.958324
7	赵丽颖眼睛发炎	240681	沸	2019-12-27T19:59:29.958412
8	长征五号遥三火箭发射	166234	沸	2019-12-27T19:59:29.958491
9	06超女重聚	132752		2019-12-27T19:59:29.958569
10	3名中国人在泰注册微信假号被捕	117932		2019-12-27T19:59:29.958633
11	信鸽失踪42天带回字条	116217		2019-12-27T19:59:29.958703
12	罗志祥梁咏琪跳朱碧石	115784		2019-12-27T19:59:29.958766
13	中国大陆近期几场地震没有必然联系	115649		2019-12-27T19:59:29.958828
14	美颜前vs美颜后的你	115567		2019-12-27T19:59:29.958892
15	上帝视角的哈尔滨南站	115326		2019-12-27T19:59:29.958954
16	KBS导播	115181		2019-12-27T19:59:29.959017
17	湖南卫视跨年彩排	115019		2019-12-27T19:59:29.959079
18	baby 抹胸T恤	115003	热	2019-12-27T19:59:29.959143
19	你垫手机的手指怎么样了	96922		2019-12-27T19:59:29.959220
20	精英律师	94912		2019-12-27T19:59:29.959281
21	恋人之间该不该有秘密	80499		2019-12-27T19:59:29.959341
22	汤唯哭戏	77804		2019-12-27T19:59:29.959403
23	小学生趴课桌午休要收300元管理费	71217		2019-12-27T19:59:29.959464
24	花6.2万元口腔正畸后仍无法正常咬合	70392		2019-12-27T19:59:29.959526
25	仙女都有蝴蝶背	58064		2019-12-27T19:59:29.959589
26	有漫画感的明星	54412		2019-12-27T19:59:29.959650
27	刘雯木村光希同框	50314		2019-12-27T19:59:29.959710
28	吴宣仪硬核耳环	50116		2019-12-27T19:59:29.959771
29	像极了带上耳机后你	44622		2019-12-27T19:59:29.959831
30	国防部发言人霸气回应美国防长	41701		2019-12-27T19:59:29.959892
31	虽远必考	41482		2019-12-27T19:59:29.959954
32	当焦恩俊说上家乡话	41479		2019-12-27T19:59:29.960016
33	李赫宰就Wendy坠台事件发声	41475		2019-12-27T19:59:29.960077
34	女生为什么容易变穷	41471		2019-12-27T19:59:29.960138
35	安倍喊商界大佬给员工加薪	40601		2019-12-27T19:59:29.960198
36	被做成鬼的生日蛋糕	40112		2019-12-27T19:59:29.960259
37	江疏影朱一龙合唱	40112		2019-12-27T19:59:29.960320
38	罗永浩	40110		2019-12-27T19:59:29.960381
39	特警队 满屏肌肉	37322		2019-12-27T19:59:29.960442
40	韩庚卢靖姗结婚	35736		2019-12-27T19:59:29.960504
41	猫鼠同框晒太阳	34615		2019-12-27T19:59:29.960564
42	薛之谦新歌	34211		2019-12-27T19:59:29.960625
43	多功能老婆大结局	32497		2019-12-27T19:59:29.960686
44	吴亦凡 扎染卫衣	30123		2019-12-27T19:59:29.960747
45	胖五飞天MV	28305		2019-12-27T19:59:29.960808
46	电影后来的我们胜诉	28211		2019-12-27T19:59:29.960870
47	KBS歌谣大祝祭	26521		2019-12-27T19:59:29.960932
48	卖炒饭为什么送竹蜻蜓	24929		2019-12-27T19:59:29.960993
49	哈坠机事故原因系操作失误和技术故障	23692		2019-12-27T19:59:29.961054
50	综艺迷惑瞌睡大赏	22815		2019-12-27T19:59:29.961115
