排名	关键词	热度	特征	时间
1	二皇子可爱	224914	沸	2019-12-17T22:58:30.424563
2	山东舰	172397	沸	2019-12-17T22:58:30.424651
3	X30潜望式超远摄	149810	荐	2019-12-17T22:58:30.424714
4	林更新方否认新恋情	131329		2019-12-17T22:58:30.424776
5	朱亚文我娘吗	114519		2019-12-17T22:58:30.424825
6	长公主被逐出京	90313		2019-12-17T22:58:30.424884
7	撒贝宁回应康辉为自己正音	73073		2019-12-17T22:58:30.424944
8	7岁男童遭亲妈家暴却仍想她	70976		2019-12-17T22:58:30.424994
9	拼多多被曝售卖假洋酒	40265	热	2019-12-17T22:58:30.425042
10	高以翔女友穿9号球衣	38287	热	2019-12-17T22:58:30.425103
11	警察网上买票被骗给自己立案	38265		2019-12-17T22:58:30.425162
12	怡口蓮把怡口莲告了	38247	热	2019-12-17T22:58:30.425211
13	999皮炎平在吐槽大会违法植入广告	38209		2019-12-17T22:58:30.425270
14	大明风华开播	38198		2019-12-17T22:58:30.425320
15	李兰迪白色花朵纱裙	38154		2019-12-17T22:58:30.425367
16	庆余年	38146		2019-12-17T22:58:30.425413
17	宋祖儿后台赶作业	38105		2019-12-17T22:58:30.425460
18	一个班15个女生叫艾莎	38065		2019-12-17T22:58:30.425506
19	官方回应大连LOGO涉嫌抄袭迪士尼	38044		2019-12-17T22:58:30.425553
20	男生追女生追一半就不追了	38035		2019-12-17T22:58:30.425601
21	范冰冰短发造型	37946		2019-12-17T22:58:30.425648
22	女生驼背的原因	37504		2019-12-17T22:58:30.425695
23	小学生发明出午睡课桌椅	31993		2019-12-17T22:58:30.425742
24	再次见到初恋是什么感觉	30148		2019-12-17T22:58:30.425788
25	寿司芝士火锅	29414		2019-12-17T22:58:30.425834
26	研究生被骗311万元不愿报警	28039		2019-12-17T22:58:30.425880
27	咖啡可能成奢侈品	27536		2019-12-17T22:58:30.425933
28	我国首艘国产航空母舰交付海军	27072		2019-12-17T22:58:30.425987
29	中国数字一线城市出炉	27042		2019-12-17T22:58:30.426040
30	医院致歉幼儿输液管中有虫	27041		2019-12-17T22:58:30.426103
31	桂花糯米藕	24467		2019-12-17T22:58:30.426156
32	地铁安检员偷拍女乘客裙底	23318		2019-12-17T22:58:30.426208
33	诺一长大后成了何炅	22690		2019-12-17T22:58:30.426259
34	老人惨遭三车连撞当场身亡	21726		2019-12-17T22:58:30.426311
35	女生看女生能有多准	21188		2019-12-17T22:58:30.426362
36	汤唯男装	20389		2019-12-17T22:58:30.426414
37	熊猫互娱被判向腾讯付360万	19427		2019-12-17T22:58:30.426465
38	检方不会公开PD系列造假成员	18960		2019-12-17T22:58:30.426518
39	情侣同居该不该告知父母	18928		2019-12-17T22:58:30.426570
40	美妆博主秦尚城	18841		2019-12-17T22:58:30.426622
41	爱喝奶茶的人怎么发朋友圈	16989		2019-12-17T22:58:30.426673
42	宋轶龙须丸子头	16719		2019-12-17T22:58:30.426725
43	郭艾伦失误	16638		2019-12-17T22:58:30.426777
44	陈立农回应被朱丹叫错名字	16088		2019-12-17T22:58:30.426828
45	庆余年小头像	15693		2019-12-17T22:58:30.426880
46	没有暴力的香港是什么样	15038		2019-12-17T22:58:30.426932
47	爱奇艺回应超前点播争议	14995		2019-12-17T22:58:30.426984
48	嗯哼太有梗了	14911		2019-12-17T22:58:30.427035
49	李小冉皮肤	14860		2019-12-17T22:58:30.427087
50	误杀	13068		2019-12-17T22:58:30.427138
