排名	关键词	热度	特征	时间
1	陈绮贞热吻男子妻子发声	3372448	新	2019-12-26T07:57:31.157124
2	王思聪承担熊猫互娱20亿损失	2619239	热	2019-12-26T07:57:31.157309
3	人头马一开我们耀精彩	2436982	荐	2019-12-26T07:57:31.157467
4	林心如为霍建华庆生	2275357	新	2019-12-26T07:57:31.157619
5	高以翔女友陪两家父母过圣诞	1673182	热	2019-12-26T07:57:31.157773
6	联通5G赋能智慧冬奥	947500	荐	2019-12-26T07:57:31.157924
7	金环日食奇观	839064	新	2019-12-26T07:57:31.158102
8	日偏食	708223	沸	2019-12-26T07:57:31.158258
9	中国男性婚姻满意度高于女性	546077	沸	2019-12-26T07:57:31.158411
10	收入和就业最影响幸福感	425861	新	2019-12-26T07:57:31.158561
11	现实版冰雪奇缘美景	321949		2019-12-26T07:57:31.158687
12	王一博经纪人接受调查	313368	新	2019-12-26T07:57:31.158776
13	戴帽子的富士山	296415		2019-12-26T07:57:31.158887
14	巴黎圣母院一半概率无法挽救	295835		2019-12-26T07:57:31.158975
15	真功夫回应被诉侵权	292285		2019-12-26T07:57:31.159062
16	猫撤掉奥斯卡宣传	289288		2019-12-26T07:57:31.159150
17	中国女性心理健康好于男性	287162		2019-12-26T07:57:31.159240
18	陈乔恩明道同框	285345	新	2019-12-26T07:57:31.159329
19	一中国人在日本被执行死刑	281915	新	2019-12-26T07:57:31.159439
20	貂蝉FMVP皮肤	281001		2019-12-26T07:57:31.159548
21	第一次出国的我	276887		2019-12-26T07:57:31.159636
22	陈慧琳被冻到表情失控	274470	热	2019-12-26T07:57:31.159724
23	夹鼻眼镜	271238		2019-12-26T07:57:31.159835
24	女生戴帽子的真实原因	271178		2019-12-26T07:57:31.159924
25	女孩遇险机智给家族群发定位获救	262977		2019-12-26T07:57:31.160013
26	只有1位老师2名学生的小学	254473		2019-12-26T07:57:31.160101
27	郑爽2020杂志首刊封面	249908		2019-12-26T07:57:31.160190
28	日本斥巨资收藏东奥会场馆地下人骨	243197	新	2019-12-26T07:57:31.160277
29	潜意识喜欢上一个人的表现	218950		2019-12-26T07:57:31.160387
30	北京日偏食	190165		2019-12-26T07:57:31.160474
31	女子教唆9岁儿子偷快递被刑拘	178655	新	2019-12-26T07:57:31.160564
32	男明星瞎说大实话	178586	新	2019-12-26T07:57:31.160675
33	工作一年后的生活变化	178435		2019-12-26T07:57:31.160782
34	姚景源 二胎政策放开大家都不生了	165216		2019-12-26T07:57:31.160870
35	迪士尼公主香水棒	156977		2019-12-26T07:57:31.160958
36	当代年轻人为什么害怕过年	154750		2019-12-26T07:57:31.161046
37	倪妮烈焰大片	154288		2019-12-26T07:57:31.161134
38	王嘉尔笑场	153379		2019-12-26T07:57:31.161222
39	性格里既懒惰又认真的人	152167		2019-12-26T07:57:31.161310
40	英国冰屋酒店	134554		2019-12-26T07:57:31.161397
41	这家庭地位一目了然	128868		2019-12-26T07:57:31.161483
42	吴磊胶片写真	127518		2019-12-26T07:57:31.161568
43	女生吵架为什么爱翻旧账	124542		2019-12-26T07:57:31.161655
44	兵哥哥让人笑着流泪的话	122645	新	2019-12-26T07:57:31.161742
45	俄罗斯成功与全球互联网断开	121190		2019-12-26T07:57:31.161853
46	詹姆斯三分	121107		2019-12-26T07:57:31.161942
47	24岁辅警执勤中被撞牺牲	117448		2019-12-26T07:57:31.162029
48	女生在什么时候智商最高	112048	新	2019-12-26T07:57:31.162134
49	300天减重100斤实现当兵梦	109115		2019-12-26T07:57:31.162248
50	警示牌恐吓司机办理ETC	74627		2019-12-26T07:57:31.162337
