排名	关键词	热度	特征	时间
1	庆余年	315417	沸	2019-12-20T22:46:41.626118
2	明年将制定个人信息保护法	165370		2019-12-20T22:46:41.626196
3	黄轩的女神	156532	荐	2019-12-20T22:46:41.626248
4	马天宇唱该死的温柔	156532	沸	2019-12-20T22:46:41.626318
5	刘鑫改名	93485	沸	2019-12-20T22:46:41.626384
6	郑元畅Ella重聚	70336		2019-12-20T22:46:41.626449
7	许绍洋再唱花香	68348	沸	2019-12-20T22:46:41.626502
8	新闻联播里最甜的小可爱	62437		2019-12-20T22:46:41.626566
9	从小养狗或降低患精神分裂风险	58113		2019-12-20T22:46:41.626619
10	刘鑫	55883	热	2019-12-20T22:46:41.626671
11	费翔身材	51379		2019-12-20T22:46:41.626733
12	湖南卫视跨年主题曲	49504		2019-12-20T22:46:41.626785
13	没有灵魂的土耳其冰淇淋	48449		2019-12-20T22:46:41.626835
14	香港已有80名教师被捕	47957		2019-12-20T22:46:41.626886
15	雷蒙王治郅冲突	46534		2019-12-20T22:46:41.626932
16	明天考研	44828		2019-12-20T22:46:41.626978
17	外国老师穿人体器官服上课	43961		2019-12-20T22:46:41.627025
18	精英律师 靳东	42763		2019-12-20T22:46:41.627071
19	江歌妈妈	35161		2019-12-20T22:46:41.627117
20	潮流合伙人	30507		2019-12-20T22:46:41.627166
21	张柏芝再唱星语心愿	30422		2019-12-20T22:46:41.627216
22	相亲中最受欢迎的女生职业	30054		2019-12-20T22:46:41.627266
23	女生只涂口红算不算化妆	24030		2019-12-20T22:46:41.627316
24	兵马俑坑内浇水	23531		2019-12-20T22:46:41.627366
25	蒋方舟	20883		2019-12-20T22:46:41.627415
26	彭于晏笑的也太憨了	20283		2019-12-20T22:46:41.627465
27	朱亚文 头像咋换	20072		2019-12-20T22:46:41.627515
28	因为颜值高而受欢迎的反派	19212		2019-12-20T22:46:41.627565
29	不放过任何一个侵害未成年人犯罪案件	17422		2019-12-20T22:46:41.627616
30	长期吃素或致神经受损和不育	16768		2019-12-20T22:46:41.627667
31	陈昕葳	16750		2019-12-20T22:46:41.627718
32	陈伟霆钟楚曦预告	16750		2019-12-20T22:46:41.627768
33	17款APP自动续费不通知	16591		2019-12-20T22:46:41.627818
34	吉林老白山泼水成冰	15768		2019-12-20T22:46:41.627868
35	一读就错的常用词	15664		2019-12-20T22:46:41.627919
36	丝芭回应黄婷婷解约	15217		2019-12-20T22:46:41.627970
37	李云迪 我知道自己是胖了	14999		2019-12-20T22:46:41.628020
38	面包安利大会	14581		2019-12-20T22:46:41.628071
39	酒鬼酒被举报非法添加甜蜜素	14217		2019-12-20T22:46:41.628121
40	手机屏保大赛	12992		2019-12-20T22:46:41.628171
41	乐华练习生 青你2	12632		2019-12-20T22:46:41.628222
42	罗志祥反对周扬青穿性感装	12526		2019-12-20T22:46:41.628273
43	半个喜剧台词	12265		2019-12-20T22:46:41.628324
44	24岁生物化学家当选美国小姐	12090		2019-12-20T22:46:41.628374
45	圣诞发型	11971		2019-12-20T22:46:41.628424
46	你应该和我交往的理由	11432		2019-12-20T22:46:41.628474
47	雷军手机屏保	11016		2019-12-20T22:46:41.628525
48	只有芸知道让你流泪的瞬间	10874		2019-12-20T22:46:41.628575
49	未达刑责年龄未成年人不能一放了之	10035		2019-12-20T22:46:41.628625
50	庆余年官微声明	9965		2019-12-20T22:46:41.628675
