排名	关键词	热度	特征	时间
1	关晓彤想撕掉大壮标签	4361748	新	2019-12-26T11:45:42.157350
2	金环日食奇观	3005271	沸	2019-12-26T11:45:42.157537
3	杨天真近照	2354518	热	2019-12-26T11:45:42.157692
4	如果iPhone12长这样	1438731	新	2019-12-26T11:45:42.157844
5	陈绮贞热吻男子妻子发声	1435745	热	2019-12-26T11:45:42.157997
6	联通5G赋能智慧冬奥	1296135	荐	2019-12-26T11:45:42.158162
7	邓紫棋评论李荣浩	1275273	热	2019-12-26T11:45:42.158304
8	更美APP遭多位明星起诉	1099806		2019-12-26T11:45:42.158445
9	收入和就业最影响幸福感	1046662		2019-12-26T11:45:42.158562
10	隐形眼镜坠饰	1046661		2019-12-26T11:45:42.158678
11	前男友支持陈绮贞	1046660		2019-12-26T11:45:42.158795
12	王思聪承担熊猫互娱20亿损失	1022834	热	2019-12-26T11:45:42.158911
13	北京冬奥会将用二氧化碳制冰	992865		2019-12-26T11:45:42.159054
14	日偏食	963823		2019-12-26T11:45:42.159170
15	中国男性婚姻满意度高于女性	922978		2019-12-26T11:45:42.159283
16	林心如为霍建华庆生	919243	热	2019-12-26T11:45:42.159397
17	微信公众号后台崩了	867727	新	2019-12-26T11:45:42.159542
18	想见你	771172	新	2019-12-26T11:45:42.159685
19	间歇性禁食有利身体健康	630023	新	2019-12-26T11:45:42.159826
20	班主任逢考就送鸡腿	394542	新	2019-12-26T11:45:42.159966
21	陈慧琳穿了羽绒服的腰	385419		2019-12-26T11:45:42.160104
22	喉结到底有多撩人	372482		2019-12-26T11:45:42.160218
23	女生冬天颜值没有夏天高	345310		2019-12-26T11:45:42.160332
24	95后精致穷有错吗	339992		2019-12-26T11:45:42.160446
25	恋爱后知道了男生哪些秘密	338181	新	2019-12-26T11:45:42.160560
26	Wendy伤势	313620	新	2019-12-26T11:45:42.160703
27	易烊千玺明星商业价值榜夺冠	303108	新	2019-12-26T11:45:42.160846
28	一中国人在日本被执行死刑	288503		2019-12-26T11:45:42.161008
29	日本啤酒泡面对韩出口减少99%	262546		2019-12-26T11:45:42.161139
30	女生高冷的原因	252688	新	2019-12-26T11:45:42.161271
31	卫健委回应高以翔猝死事件	252348		2019-12-26T11:45:42.161434
32	千万不要和哪种人恋爱	251366	新	2019-12-26T11:45:42.161560
33	大学生该不该致力于考证	206941		2019-12-26T11:45:42.161720
34	貂蝉FMVP皮肤	190553		2019-12-26T11:45:42.161846
35	对这样的求婚毫无抵抗力	189218		2019-12-26T11:45:42.161970
36	郑爽2020杂志首刊封面	187928		2019-12-26T11:45:42.162115
37	影视剧醉酒名场面	173975	新	2019-12-26T11:45:42.162234
38	原告因戴帽子出庭被按撤诉处理	157324		2019-12-26T11:45:42.162348
39	女生在什么时候智商最高	150585		2019-12-26T11:45:42.162437
40	杨天真朋友圈	145407	新	2019-12-26T11:45:42.162522
41	为了请假编过的理由	145241	新	2019-12-26T11:45:42.162629
42	找不到对象是什么体验	145042	新	2019-12-26T11:45:42.162741
43	你的理想男友穿搭	141602	新	2019-12-26T11:45:42.162849
44	年轻人如何选择定居城市	139772	新	2019-12-26T11:45:42.162961
45	李汶翰简介	138386	新	2019-12-26T11:45:42.163067
46	2020的第一个愿望	134534	新	2019-12-26T11:45:42.163175
47	吴磊 不可以说女生胖	134043	新	2019-12-26T11:45:42.163284
48	许光汉 帅	131108	新	2019-12-26T11:45:42.163392
49	男明星瞎说大实话	130004		2019-12-26T11:45:42.163501
50	女子教唆9岁儿子偷快递被刑拘	128046		2019-12-26T11:45:42.163589
