排名	关键词	热度	特征	时间
1	Giao哥结婚	3655969	沸	2019-12-30T16:34:54.084902
2	武汉ZARA	2701625	热	2019-12-30T16:34:54.085090
3	eye挑战	2479357	荐	2019-12-30T16:34:54.085239
4	沈腾评论韩寒没人接机	2331178	热	2019-12-30T16:34:54.085383
5	张翰马天宇牵手错位图	2294370	新	2019-12-30T16:34:54.085527
6	易烊千玺胡先煦李兰迪期末合照	1357178	沸	2019-12-30T16:34:54.085667
7	民航总医院就杨文医生被害事件发布通报	1066632	新	2019-12-30T16:34:54.085813
8	人人正式回归社交市场	848585	新	2019-12-30T16:34:54.085953
9	2020 爱你爱你	601834	沸	2019-12-30T16:34:54.086111
10	芒果跨年设置应援黑榜	550642		2019-12-30T16:34:54.086257
11	韩庚卢靖姗婚礼欢迎晚宴	547883	沸	2019-12-30T16:34:54.086374
12	男女生冬天衣服数量的区别	508148		2019-12-30T16:34:54.086513
13	北京首例校门口咸猪手入罪案件	435999		2019-12-30T16:34:54.086625
14	女生化妆后的脑回路	409838		2019-12-30T16:34:54.086738
15	因航班延误维也纳乐队机场即兴演奏	391612		2019-12-30T16:34:54.086848
16	刘昊然露额头证件照	388828	热	2019-12-30T16:34:54.086960
17	女生容易含胸驼背的原因	376261	新	2019-12-30T16:34:54.087101
18	被男友演唱会求婚当场晕倒	361697	新	2019-12-30T16:34:54.087241
19	3人攀爬巨蟒峰打26枚岩钉	357657	新	2019-12-30T16:34:54.087379
20	广东火烧云	350492	新	2019-12-30T16:34:54.087517
21	金希澈避谈雪莉具荷拉的原因	346001	热	2019-12-30T16:34:54.087655
22	女生的背影有多好看	333247		2019-12-30T16:34:54.087792
23	朱广权对冷空气下嘴了	332400		2019-12-30T16:34:54.087906
24	400只羊走出阅兵步伐	332245		2019-12-30T16:34:54.088017
25	帅哥发腮	306952		2019-12-30T16:34:54.088127
26	陈伟霆 金丝眼镜	298411	新	2019-12-30T16:34:54.088239
27	大明风华胡善祥	284225		2019-12-30T16:34:54.088375
28	神仙提子酥	231661		2019-12-30T16:34:54.088483
29	非寄宿制中小学不得设食品小卖部	221915		2019-12-30T16:34:54.088593
30	撒贝宁猜饭圈用语	219812		2019-12-30T16:34:54.088708
31	点外卖经常备注的话	219392		2019-12-30T16:34:54.088820
32	比织毛衣还难的密码	218653	新	2019-12-30T16:34:54.088930
33	Produce系列或制作第五季	216343		2019-12-30T16:34:54.089067
34	外交部劝美国手别伸太长容易闪着腰	205915		2019-12-30T16:34:54.089177
35	东方跨年彩排路透	203410		2019-12-30T16:34:54.089289
36	星星奶茶耳环	199118		2019-12-30T16:34:54.089400
37	天下足球看哭了	191140	新	2019-12-30T16:34:54.089511
38	两名中国游客在菲律宾溺亡	188720		2019-12-30T16:34:54.089651
39	外国人回国后太难了	181928		2019-12-30T16:34:54.089762
40	信阳老人遇阻猝死案宣判	166954		2019-12-30T16:34:54.089878
41	420米冰滑梯游客边玩边哭	159614	新	2019-12-30T16:34:54.090006
42	锦衣之下	158618		2019-12-30T16:34:54.090185
43	东方跨年手绘节目单	155334		2019-12-30T16:34:54.090315
44	人鱼公主妆	155122		2019-12-30T16:34:54.090443
45	羊毛毡的买家秀有多好笑	150647		2019-12-30T16:34:54.090578
46	烟台下雪	147559		2019-12-30T16:34:54.090669
47	云南检方通报丽江反杀案	139475		2019-12-30T16:34:54.090754
48	2030年中国人期望寿命	138027		2019-12-30T16:34:54.090838
49	且听凤鸣主演阵容	135645		2019-12-30T16:34:54.090923
50	婚姻故事确认引进内地	114769		2019-12-30T16:34:54.091005
