排名	关键词	热度	特征	时间
1	Giao哥结婚	151928	沸	2019-12-30T22:38:50.245227
2	民航总医院就杨文医生被害事件发布通报	122012	沸	2019-12-30T22:38:50.245358
3	名中带金 买一送一	121415	荐	2019-12-30T22:38:50.245469
4	沈腾评论韩寒没人接机	117029	热	2019-12-30T22:38:50.245579
5	张翰马天宇牵手错位图	112530		2019-12-30T22:38:50.245688
6	女孩最喜欢的新年礼物	88260		2019-12-30T22:38:50.245774
7	易烊千玺胡先煦李兰迪期末合照	50298	沸	2019-12-30T22:38:50.245859
8	人人正式回归社交市场	43410		2019-12-30T22:38:50.245964
9	因航班延误维也纳乐队机场即兴演奏	27927		2019-12-30T22:38:50.246048
10	2020 爱你爱你	27756	沸	2019-12-30T22:38:50.246163
11	芒果跨年设置应援黑榜	27616		2019-12-30T22:38:50.246286
12	韩庚卢靖姗婚礼欢迎晚宴	27446	沸	2019-12-30T22:38:50.246376
13	大明风华胡善祥	26930		2019-12-30T22:38:50.246496
14	北京首例校门口咸猪手入罪案件	25680		2019-12-30T22:38:50.246582
15	女生化妆后的脑回路	23934		2019-12-30T22:38:50.246667
16	朱广权对冷空气下嘴了	21054		2019-12-30T22:38:50.246753
17	比织毛衣还难的密码	20023		2019-12-30T22:38:50.246838
18	女生容易含胸驼背的原因	19997		2019-12-30T22:38:50.246925
19	被男友演唱会求婚当场晕倒	19917		2019-12-30T22:38:50.247012
20	3人攀爬巨蟒峰打26枚岩钉	19877		2019-12-30T22:38:50.247096
21	陈伟霆 金丝眼镜	19789		2019-12-30T22:38:50.247182
22	武汉ZARA	19702	热	2019-12-30T22:38:50.247266
23	400只羊走出阅兵步伐	19647		2019-12-30T22:38:50.247371
24	420米冰滑梯游客边玩边哭	19602		2019-12-30T22:38:50.247456
25	广东火烧云	19514		2019-12-30T22:38:50.247541
26	东方跨年彩排路透	19508		2019-12-30T22:38:50.247628
27	天下足球看哭了	19357		2019-12-30T22:38:50.247712
28	羊毛毡的买家秀有多好笑	19255		2019-12-30T22:38:50.247797
29	金希澈避谈雪莉具荷拉的原因	18241		2019-12-30T22:38:50.247882
30	非寄宿制中小学不得设食品小卖部	17613		2019-12-30T22:38:50.247968
31	男女生冬天衣服数量的区别	17133		2019-12-30T22:38:50.248053
32	刘昊然露额头证件照	17090		2019-12-30T22:38:50.248139
33	2019年度汉字	16218		2019-12-30T22:38:50.248224
34	女生的背影有多好看	15937		2019-12-30T22:38:50.248309
35	外交部劝美国手别伸太长容易闪着腰	15558		2019-12-30T22:38:50.248392
36	信阳老人遇阻猝死案宣判	15539		2019-12-30T22:38:50.248476
37	点外卖经常备注的话	15446		2019-12-30T22:38:50.248560
38	撒贝宁猜饭圈用语	14979		2019-12-30T22:38:50.248645
39	外国人回国后太难了	14826		2019-12-30T22:38:50.248731
40	云南检方通报丽江反杀案	14397		2019-12-30T22:38:50.248816
41	Produce系列或制作第五季	14188		2019-12-30T22:38:50.248901
42	烟台下雪	13837		2019-12-30T22:38:50.248985
43	锦衣之下	13703		2019-12-30T22:38:50.249069
44	帅哥发腮	13029		2019-12-30T22:38:50.249152
45	2030年中国人期望寿命	12866		2019-12-30T22:38:50.249237
46	两名中国游客在菲律宾溺亡	12792		2019-12-30T22:38:50.249322
47	鹤唳华亭	11757		2019-12-30T22:38:50.249408
48	且听凤鸣主演阵容	11706		2019-12-30T22:38:50.249495
49	人鱼公主妆	11649		2019-12-30T22:38:50.249577
50	神仙提子酥	11468		2019-12-30T22:38:50.249662
