排名	关键词	热度	特征	时间
1	李冰冰眼神	2221702	热	2019-12-22T03:37:50.276038
2	冬至	1342824	沸	2019-12-22T03:37:50.276223
3	自拍大不一样	1310134	荐	2019-12-22T03:37:50.276381
4	政赫世莉kiss	1124888		2019-12-22T03:37:50.276538
5	9岁弟弟备奶茶等考研姐姐	1116128	新	2019-12-22T03:37:50.276662
6	9岁男孩花10万炒股亏7万	965872		2019-12-22T03:37:50.276809
7	李艺彤和外星人跳舞	674848	新	2019-12-22T03:37:50.276927
8	冬至吃啥	624693	新	2019-12-22T03:37:50.277072
9	考研数学	611390		2019-12-22T03:37:50.277217
10	新入伍消防员逼真火场训练	600819	新	2019-12-22T03:37:50.277332
11	钟汉良被鹤啄	589648		2019-12-22T03:37:50.277477
12	辛芷蕾回应庆余年被盗播	574829	热	2019-12-22T03:37:50.277593
13	徐老师 快本	569700	热	2019-12-22T03:37:50.277736
14	真实版天鹅湖仙境	557901		2019-12-22T03:37:50.277879
15	云南小伙自备滑雪板到东北上学	545462		2019-12-22T03:37:50.277993
16	大叔的爱第二季大结局	528995		2019-12-22T03:37:50.278121
17	第一次接吻时的心理变化	520045		2019-12-22T03:37:50.278242
18	在医院听到的八卦	501905	新	2019-12-22T03:37:50.278357
19	老人遭三连撞事故两肇事者落网	493561	新	2019-12-22T03:37:50.278502
20	庆余年小说	487689		2019-12-22T03:37:50.278649
21	如何看待微信式恋爱	468557		2019-12-22T03:37:50.278764
22	情侣吵架为什么喜欢说分手	371207	新	2019-12-22T03:37:50.278878
23	广东中山一小区火灾致6死	321822	新	2019-12-22T03:37:50.279022
24	该不该和朋友分享隐私	281672		2019-12-22T03:37:50.279165
25	王心凌演唱会	270316		2019-12-22T03:37:50.279279
26	缺爱的女孩子会有什么表现	246072		2019-12-22T03:37:50.279393
27	PDD太好笑了	239293		2019-12-22T03:37:50.279506
28	当民族乐器遇上七子之歌	235994		2019-12-22T03:37:50.279619
29	澳门孩子说要将中国国粹传下去	235927		2019-12-22T03:37:50.279732
30	男生吃醋时会说哪些狠话	235921		2019-12-22T03:37:50.279847
31	画画能有多逼真	227972	新	2019-12-22T03:37:50.279961
32	我的圣诞仪式感	217657	新	2019-12-22T03:37:50.280104
33	BBC总结中国80后五大特征	217427		2019-12-22T03:37:50.280249
34	你能接受另一半是丁克族吗	190158		2019-12-22T03:37:50.280366
35	陈伟霆谢娜野狼disco	184946		2019-12-22T03:37:50.280481
36	长安福特30岁工程师坠亡	177693		2019-12-22T03:37:50.280595
37	异性什么行为会让你有好感	172644		2019-12-22T03:37:50.280710
38	骨科患者出院要先考试	159955		2019-12-22T03:37:50.280824
39	冬至饺子	147328	新	2019-12-22T03:37:50.280938
40	当过你表情包的漫画师去世	139439		2019-12-22T03:37:50.281085
41	怎样才算真正见过世面	139216	新	2019-12-22T03:37:50.281200
42	热依扎谈抑郁	123392		2019-12-22T03:37:50.281345
43	美国载人飞船首飞失败	118858	新	2019-12-22T03:37:50.281461
44	去他x的世界	112813		2019-12-22T03:37:50.281602
45	王鸥钻石落泪妆	107135		2019-12-22T03:37:50.281716
46	农村小伙模仿刘雯	105809		2019-12-22T03:37:50.281830
47	2019中国警察才艺大赏	101413		2019-12-22T03:37:50.281943
48	最适合情侣去的地方	99947		2019-12-22T03:37:50.282055
49	旅行中吃过的黑暗料理	98453		2019-12-22T03:37:50.282186
50	吐槽大会	97739		2019-12-22T03:37:50.282302
