排名	关键词	热度	特征	时间
1	刘昊然露额头证件照	3361146	新	2019-12-30T10:54:34.732440
2	男子上海持刀杀害儿童二审仍判死刑	2121296		2019-12-30T10:54:34.732618
3	被吴昕种草身体乳	1880558	荐	2019-12-30T10:54:34.732742
4	钟丽缇女儿走秀	1733008		2019-12-30T10:54:34.732891
5	简弘亦结婚	1474724	热	2019-12-30T10:54:34.733009
6	花呗的正确打开方式	997941	荐	2019-12-30T10:54:34.733156
7	星星奶茶耳环	839013	新	2019-12-30T10:54:34.733296
8	当袁隆平被问帅不帅	716244	沸	2019-12-30T10:54:34.733438
9	天津强推ETC致堵两干部被免职	645739	新	2019-12-30T10:54:34.733577
10	2020 爱你爱你	487869	沸	2019-12-30T10:54:34.733721
11	撒贝宁猜饭圈用语	463014	新	2019-12-30T10:54:34.733865
12	2020年买房还是存钱	460003		2019-12-30T10:54:34.734010
13	遇害医生同事回应家属疑问	434644		2019-12-30T10:54:34.734137
14	操场埋尸案校长被判15年	363413	热	2019-12-30T10:54:34.734252
15	且听凤鸣主演阵容	349450	新	2019-12-30T10:54:34.734393
16	锦衣之下	310939		2019-12-30T10:54:34.734529
17	基因编辑婴儿案宣判	302347		2019-12-30T10:54:34.734643
18	包贝尔以为杨烁打孩子	298517	热	2019-12-30T10:54:34.734753
19	点外卖经常备注的话	295758	新	2019-12-30T10:54:34.734893
20	外国人回国后太难了	293979		2019-12-30T10:54:34.735030
21	蔡徐坤启用碧昂斯编舞老师	288568		2019-12-30T10:54:34.735141
22	长得美但不上镜是什么体验	286025		2019-12-30T10:54:34.735251
23	东方跨年手绘节目单	278740	新	2019-12-30T10:54:34.735362
24	抱着爷爷照片乘京张高铁首发车	265901		2019-12-30T10:54:34.735501
25	非寄宿制中小学不得设食品小卖部	247865		2019-12-30T10:54:34.735613
26	王一博新歌歌词	243989		2019-12-30T10:54:34.735726
27	科比给女儿和东契奇拍照	241864		2019-12-30T10:54:34.735834
28	海康威视	238123	新	2019-12-30T10:54:34.735942
29	天线宝宝棉服	229275		2019-12-30T10:54:34.736080
30	炮长昏迷7天7夜重返战位	220635	新	2019-12-30T10:54:34.736191
31	郑爽新年红大片	220243		2019-12-30T10:54:34.736333
32	鹤唳华亭	216693		2019-12-30T10:54:34.736442
33	男女生摸对方头的区别	204302		2019-12-30T10:54:34.736552
34	整理刘海原来也会传染	197257		2019-12-30T10:54:34.736661
35	外交部劝美国手别伸太长容易闪着腰	191456	新	2019-12-30T10:54:34.736772
36	20岁和30岁最大的变化	187147		2019-12-30T10:54:34.736912
37	新年开运美甲	186043	新	2019-12-30T10:54:34.737021
38	鹿晗西装配墨镜	172455		2019-12-30T10:54:34.737163
39	过量使用维C有害身体	171830		2019-12-30T10:54:34.737272
40	大学考完期末后	169785	新	2019-12-30T10:54:34.737383
41	重庆一居民楼火灾致6死	166394		2019-12-30T10:54:34.737521
42	2019年度十佳电影	162471		2019-12-30T10:54:34.737631
43	脚脖子围巾	159895		2019-12-30T10:54:34.737739
44	像极了跨年时刻的你	146264		2019-12-30T10:54:34.737848
45	茅台假酒产业链	137190	新	2019-12-30T10:54:34.737957
46	当代游戏玩家姿势现状	137170	新	2019-12-30T10:54:34.738110
47	养猫和养狗子的区别	137170	新	2019-12-30T10:54:34.738253
48	2019年度听歌报告	137169		2019-12-30T10:54:34.738392
49	一种新兵马俑被发现	129275		2019-12-30T10:54:34.738508
50	杭州巨响	123299		2019-12-30T10:54:34.738590
