排名	关键词	热度	特征	时间
1	钟南山团队从尿液中分离出新冠病毒	2475480	沸	2020-02-22T08:55:42.116790
2	神农架新增一确诊病例潜伏期27天	1410061	新	2020-02-22T08:55:42.116872
3	安徽确诊新冠肺炎乘务员活动轨迹	1319992	新	2020-02-22T08:55:42.116944
4	中国人到底有多爱吃螺蛳粉	1316729	沸	2020-02-22T08:55:42.117006
5	处处吻翻唱	1289488	沸	2020-02-22T08:55:42.117067
6	韩国疫情	994743		2020-02-22T08:55:42.117126
7	全村的龙把最硬的鳞都给你	987991		2020-02-22T08:55:42.117173
8	武汉市委原秘书长蔡杰被双开	828114		2020-02-22T08:55:42.117220
9	果农叶玉华	796761		2020-02-22T08:55:42.117267
10	四川广元市民卸口罩扎堆喝茶	796338	沸	2020-02-22T08:55:42.117313
11	白糖粿	794265	新	2020-02-22T08:55:42.117373
12	新冠肺炎发病前两天已有传染性	790673		2020-02-22T08:55:42.117431
13	华晨宇	785587		2020-02-22T08:55:42.117486
14	第一炉香剧照	780105		2020-02-22T08:55:42.117539
15	武汉跑单王18天送1125单外卖	772946		2020-02-22T08:55:42.117590
16	24岁父母捂死女婴埋尸小区游乐场	767502	新	2020-02-22T08:55:42.117642
17	威海大润发	755818	新	2020-02-22T08:55:42.117706
18	沈腾关晓彤藏浴帽	751068		2020-02-22T08:55:42.117769
19	张文宏医生硬核复工指南	747757	新	2020-02-22T08:55:42.117820
20	如果学校再不开学	729928	热	2020-02-22T08:55:42.117883
21	宁夏大学回应考研压分质疑	688930	新	2020-02-22T08:55:42.117945
22	东京要求取消500人以上活动	668092		2020-02-22T08:55:42.118010
23	许光汉米老鼠大片	639556	新	2020-02-22T08:55:42.118062
24	贾玲版鸡腿姑娘	629271		2020-02-22T08:55:42.118125
25	爱的迫降造型	544738	新	2020-02-22T08:55:42.118177
26	韩国决定暂不升级传染病警报等级	430351		2020-02-22T08:55:42.118241
27	美国今冬流感已致105名儿童死亡	426333		2020-02-22T08:55:42.118294
28	三级跳远室内世界纪录被打破	387768	新	2020-02-22T08:55:42.118345
29	河南原副省长徐光被双开	374276		2020-02-22T08:55:42.118408
30	荡秋千式无接触卖炸糕	374187		2020-02-22T08:55:42.118460
31	孙俪演技	325980		2020-02-22T08:55:42.118510
32	上海电梯工程师研发出声控电梯	300218		2020-02-22T08:55:42.118563
33	科比追悼会主题	275398	新	2020-02-22T08:55:42.118613
34	东京都知事回应伦敦接手奥运言论	274687		2020-02-22T08:55:42.118676
35	我着急复工的真实原因	274586		2020-02-22T08:55:42.118727
36	山东King挑战	268138	新	2020-02-22T08:55:42.118783
37	确诊病例存量正加速消化	259208	新	2020-02-22T08:55:42.118848
38	90后音乐老师变身志愿者	256134		2020-02-22T08:55:42.118919
39	六成日本民众呼吁取消奥运	254427		2020-02-22T08:55:42.118971
40	武汉儿童医院医护隔离服上的卡通画	253097	新	2020-02-22T08:55:42.119022
41	倪妮素颜	247140		2020-02-22T08:55:42.119086
42	融化甜筒包	246412	新	2020-02-22T08:55:42.119138
43	火神山医院71名康复患者出院	245351	新	2020-02-22T08:55:42.119201
44	女军医曾感染非典今再上前线	244001	新	2020-02-22T08:55:42.119264
45	浙江疫情防控发布会	243734	新	2020-02-22T08:55:42.119329
46	辽宁应急响应调整为三级	242733		2020-02-22T08:55:42.119397
47	双皮奶	241464		2020-02-22T08:55:42.119448
48	日本疫情	213373		2020-02-22T08:55:42.119498
49	刘昊然在家写论文	200817		2020-02-22T08:55:42.119549
50	金多美	195382		2020-02-22T08:55:42.119599
