排名	关键词	热度	特征	时间
1	陈道明 抗疫剧	583267	热	2020-03-24T18:52:44.098776
2	国际舆论批评美政客污名化中国	523865	新	2020-03-24T18:52:44.098951
3	薛兆丰想净净	516296	荐	2020-03-24T18:52:44.099104
4	普京穿防护服看望新冠肺炎患者	448172	新	2020-03-24T18:52:44.099243
5	冰清玉洁	442080	热	2020-03-24T18:52:44.099383
6	虞书欣直拍	384563	热	2020-03-24T18:52:44.099521
7	82岁芬兰前总统确诊新冠肺炎	306774		2020-03-24T18:52:44.099658
8	东京奥运会推迟至2021年	297430		2020-03-24T18:52:44.099767
9	耀客传媒否认网传抗疫剧演员名单	292567	新	2020-03-24T18:52:44.099877
10	世卫组织称美国可能成全球疫情震中	268102		2020-03-24T18:52:44.100024
11	美股	255933		2020-03-24T18:52:44.100150
12	武大靖演技	237314		2020-03-24T18:52:44.100295
13	青你2主题曲直拍	215824		2020-03-24T18:52:44.100423
14	美专家无法认同特朗普甩锅中国	215462		2020-03-24T18:52:44.100548
15	湖北铁路除武汉外恢复办理到达出发业务	214891	新	2020-03-24T18:52:44.100670
16	延期后奥运名称保留东京2020奥运会	214021		2020-03-24T18:52:44.100822
17	意大利挂起中国和俄罗斯国旗	213094		2020-03-24T18:52:44.100944
18	重庆冰雹	212602	新	2020-03-24T18:52:44.101064
19	刘雨昕直拍	211767		2020-03-24T18:52:44.101218
20	早上醒来被100个人么么哒	211370		2020-03-24T18:52:44.101339
21	西班牙约5400名医护感染新冠病毒	207618		2020-03-24T18:52:44.101462
22	意大利疫情重灾区整整一代老年人病逝	202574		2020-03-24T18:52:44.101584
23	撒野	198364		2020-03-24T18:52:44.101706
24	具荷拉母亲曾现身灵堂争遗产	197722		2020-03-24T18:52:44.101826
25	民国奇探	178594	新	2020-03-24T18:52:44.101947
26	N号房赵主彬涉嫌谋划杀害女童	177148		2020-03-24T18:52:44.102099
27	北京关联病例楼栋居民接受核酸检测	176258	新	2020-03-24T18:52:44.102221
28	孔雪儿直拍	173328		2020-03-24T18:52:44.102374
29	法证先锋4	154976		2020-03-24T18:52:44.102492
30	韩东君直男式追妻	154850		2020-03-24T18:52:44.102613
31	韩国N号房嫌犯的两面	134650		2020-03-24T18:52:44.102731
32	边伯贤	128616		2020-03-24T18:52:44.102850
33	火神山超萌消杀小坦克	121750		2020-03-24T18:52:44.102969
34	盖茨称新冠疫情提醒我们人人平等	119867		2020-03-24T18:52:44.103088
35	周杰伦回复歌迷有新歌	117490		2020-03-24T18:52:44.103210
36	匈牙利总理接机中国防疫物资	114557		2020-03-24T18:52:44.103330
37	菲律宾航空公司暂停所有国际航班	111851	新	2020-03-24T18:52:44.103450
38	方方	107953		2020-03-24T18:52:44.103600
39	因飞机邻座是湖北籍被隔离	105656		2020-03-24T18:52:44.103720
40	自制巧克力脆皮雪糕	101966	新	2020-03-24T18:52:44.103840
41	美国州长申请120万个口罩收到12万	98705		2020-03-24T18:52:44.103992
42	新疆突降暴雪气温骤降20度	97962		2020-03-24T18:52:44.104112
43	江苏新增一英国籍输入病例	93907		2020-03-24T18:52:44.104248
44	劳斯莱斯宾利临时停产	93001		2020-03-24T18:52:44.104372
45	留学生买巧克力和扒鸡送防疫人员	92157		2020-03-24T18:52:44.104492
46	杭州疾控回应徐娇居家隔离	88585		2020-03-24T18:52:44.104610
47	巴西黑帮	82343		2020-03-24T18:52:44.104731
48	教室无法保证间隔1米以上怎么办	80290		2020-03-24T18:52:44.104817
49	意大利伦巴第地区希望中国接管ICU	58414		2020-03-24T18:52:44.104901
50	原定于26日开始的圣火传递将取消	51493		2020-03-24T18:52:44.104984
