排名	关键词	热度	特征	时间
1	登机前吃退烧药隐瞒病情最高可判7年	286210	热	2020-03-08T20:51:46.387900
2	纽约iPhone11库存即将售罄	188167		2020-03-08T20:51:46.387981
3	马云给女医护花呗免息	179626	荐	2020-03-08T20:51:46.388037
4	宁静否认改国籍	147495		2020-03-08T20:51:46.388103
5	合格口罩可吸附大量纸屑	143023		2020-03-08T20:51:46.388154
6	江达琳卫哲接吻	138114		2020-03-08T20:51:46.388220
7	天天向上	130354		2020-03-08T20:51:46.388269
8	完美关系	125966		2020-03-08T20:51:46.388317
9	钟南山院士公布研究最新成果	103411		2020-03-08T20:51:46.388365
10	纽约州长怒怼联邦政府	92416		2020-03-08T20:51:46.388411
11	徐姑姑喜欢房似锦	91764		2020-03-08T20:51:46.388458
12	给女孩	91110	热	2020-03-08T20:51:46.388502
13	ICU病房医生16秒为病人换上人工肺	90596		2020-03-08T20:51:46.388558
14	樊振东	90462		2020-03-08T20:51:46.388603
15	白鹿原民俗村将被拆除	90266		2020-03-08T20:51:46.388648
16	武汉11家方舱医院休舱	90058		2020-03-08T20:51:46.388694
17	德国拦截瑞士进口防护口罩	89811		2020-03-08T20:51:46.388739
18	赵又廷高圆圆女儿	89598		2020-03-08T20:51:46.388783
19	05后公布恋情的方式	89511		2020-03-08T20:51:46.388828
20	韩国6名患者确诊前献过血	89267		2020-03-08T20:51:46.388872
21	泰国演员TAE是欧阳娜娜干爹	88998		2020-03-08T20:51:46.388918
22	张乘乘徐姑姑婚礼	88845		2020-03-08T20:51:46.388967
23	不勤洗床单被套有多可怕	88590		2020-03-08T20:51:46.389018
24	天猫超市否认大数据杀熟	88484		2020-03-08T20:51:46.389076
25	日本僧人赤身淋冷水为疫情祈愿	88095		2020-03-08T20:51:46.389126
26	女性生理卫生用品纳入疫情保障用品清单	88069		2020-03-08T20:51:46.389176
27	全网最暴躁的小猫	87051		2020-03-08T20:51:46.389227
28	江达琳短发	83302		2020-03-08T20:51:46.389277
29	乳茶	82424		2020-03-08T20:51:46.389326
30	最难以接受的地方小吃	73725		2020-03-08T20:51:46.389375
31	欣佳酒店坍塌幸存者	65691		2020-03-08T20:51:46.389425
32	Uzi	64120		2020-03-08T20:51:46.389474
33	周迅惠英红赵雅芝女性色彩海报	60328		2020-03-08T20:51:46.389522
34	孟鹤堂演绎依萍失恋	57698		2020-03-08T20:51:46.389572
35	意大利又一大区主席感染新冠病毒	54855		2020-03-08T20:51:46.389621
36	美国护士控诉美疾控中心	54834		2020-03-08T20:51:46.389670
37	假闺蜜头像	51681		2020-03-08T20:51:46.389719
38	泉州	51507		2020-03-08T20:51:46.389775
39	罗晋	47656		2020-03-08T20:51:46.389824
40	平底锅酸奶蛋糕	46477		2020-03-08T20:51:46.389874
41	宝钢	46140		2020-03-08T20:51:46.389922
42	武汉公交司机等医护到凌晨4点半	45795		2020-03-08T20:51:46.389971
43	房似锦救爷爷	44830		2020-03-08T20:51:46.390020
44	马云给20万女医护送礼物	41321		2020-03-08T20:51:46.390070
45	林俊杰连线湖北一线护士歌迷	40023		2020-03-08T20:51:46.390119
46	科学家已亲试第一针新冠疫苗	39315		2020-03-08T20:51:46.390169
47	朴宰范 扇耳光	37883		2020-03-08T20:51:46.390219
48	袁姗姗妈妈宅家广场舞	36065		2020-03-08T20:51:46.390267
49	海默弟弟 拍戏用的医用口罩快被偷光了	34403		2020-03-08T20:51:46.390315
50	甘肃新增4例境外输入病例	34024		2020-03-08T20:51:46.390366
