排名	关键词	热度	特征	时间
1	鲍毓明养女发声	5784099	新	2020-04-10T15:54:42.848982
2	JonyJ女儿正面照	2952776	热	2020-04-10T15:54:42.849159
3	王牌对王牌	2124301	新	2020-04-10T15:54:42.849314
4	美方威胁吊销中国电信在美经营许可	2045956	新	2020-04-10T15:54:42.849475
5	海底捞道歉	1736774	热	2020-04-10T15:54:42.849639
6	十万换个新	1679874	荐	2020-04-10T15:54:42.849796
7	武汉市民拍邻居窗帘两个月	1381144		2020-04-10T15:54:42.849951
8	打工是不可能打工的当事人将出狱	1081656		2020-04-10T15:54:42.850075
9	钟南山回应何时开学	955020		2020-04-10T15:54:42.850200
10	人民日报评鲍毓明被查	843367		2020-04-10T15:54:42.850333
11	随手捡的石头竟是新石器时代石器	717735		2020-04-10T15:54:42.850456
12	钟南山谈何时可以动	642098		2020-04-10T15:54:42.850577
13	鲍毓明回应性侵养女	534529	热	2020-04-10T15:54:42.850697
14	律师公开举报视觉中国	526215		2020-04-10T15:54:42.850849
15	广州一游戏公司员工核酸检测阳性	525955		2020-04-10T15:54:42.850970
16	钟南山称群体免疫行不通	481370	新	2020-04-10T15:54:42.851095
17	郭子凡	480912	新	2020-04-10T15:54:42.851246
18	薇娅直播间	480672	新	2020-04-10T15:54:42.851397
19	当代女大学生的枕头底下	479636		2020-04-10T15:54:42.851548
20	歌手	479489		2020-04-10T15:54:42.851670
21	赌城拉斯维加斯变鬼城	478380	新	2020-04-10T15:54:42.851790
22	李易峰演讲	477735	新	2020-04-10T15:54:42.851942
23	武大本科毕业生线上答辩	477173		2020-04-10T15:54:42.852093
24	魔鬼奶油宽粉	476933		2020-04-10T15:54:42.852233
25	三千鸦杀	476145	新	2020-04-10T15:54:42.852357
26	美媒曝光美军感染地图	475339	新	2020-04-10T15:54:42.852512
27	山西大学800余名毕业生返校	474531	新	2020-04-10T15:54:42.852665
28	杨洋侧颜	474031		2020-04-10T15:54:42.852818
29	中国红十字会向梵蒂冈捐赠防护物资	473415		2020-04-10T15:54:42.852939
30	周深 自己按门铃自己听	472820	新	2020-04-10T15:54:42.853060
31	新加坡不准家长每天送孩子到祖父母家	472608		2020-04-10T15:54:42.853211
32	各年代最受欢迎男团	402420		2020-04-10T15:54:42.853334
33	肖战	363782		2020-04-10T15:54:42.853455
34	也门首例新冠肺炎确诊病例	358852	新	2020-04-10T15:54:42.853574
35	将11万口罩伪装成铁丝欲出口	358736		2020-04-10T15:54:42.853726
36	声入人心男团春风十里	357242	新	2020-04-10T15:54:42.853848
37	罗永浩直播	351142	新	2020-04-10T15:54:42.854000
38	花千骨电影版立项	339800		2020-04-10T15:54:42.854151
39	非洲新一轮蝗灾规模是第一波的20倍	321284	新	2020-04-10T15:54:42.854274
40	趁猫不注意弄乱它舔好的毛	312237		2020-04-10T15:54:42.854426
41	疫情已扩散至全球211个国家和地区	293518		2020-04-10T15:54:42.854547
42	迟到76天的年夜饭	290030	新	2020-04-10T15:54:42.854668
43	带口罩遇到尴尬的事	287611	新	2020-04-10T15:54:42.854819
44	熙春喜欢官家	279889	新	2020-04-10T15:54:42.854968
45	高校自建口罩生产车间	276544	新	2020-04-10T15:54:42.855117
46	女生的发量是你想象不到的	275683		2020-04-10T15:54:42.855269
47	牛奶小方酥脆冰糕	229693	新	2020-04-10T15:54:42.855390
48	西安交大落樱铺满樱花大道	196178		2020-04-10T15:54:42.855540
49	中央明确允许快递员进社区配送	184466		2020-04-10T15:54:42.855662
50	全美已完成200万次病毒检测	161060		2020-04-10T15:54:42.855782
