排名	关键词	热度	特征	时间
1	最新疫情地图	542493	沸	2020-01-25T22:49:50.302418
2	全国确诊新型肺炎病例	410634	沸	2020-01-25T22:49:50.302544
3	黄石确诊31例新型肺炎	356591		2020-01-25T22:49:50.302652
4	东莞真硬核	340918	沸	2020-01-25T22:49:50.302734
5	钟南山说动才动	291389	沸	2020-01-25T22:49:50.302834
6	东北野味	289116	沸	2020-01-25T22:49:50.302934
7	中国马蹄蝠	230836	沸	2020-01-25T22:49:50.303033
8	武汉人夜晚隔空喊话	203718	沸	2020-01-25T22:49:50.303131
9	北京卫视春晚剪辑	173232	沸	2020-01-25T22:49:50.303230
10	家有儿女 夏雨夏雪夏冰雹	170656	沸	2020-01-25T22:49:50.303337
11	陈佩斯朱时茂看自己孩子演吃面	162409		2020-01-25T22:49:50.303452
12	20日吉林JG4666大巴乘客	141747		2020-01-25T22:49:50.303544
13	张含韵 后妈茶话会	119598		2020-01-25T22:49:50.303634
14	春节在家真实状态	119510		2020-01-25T22:49:50.303727
15	准备去客厅散散心	91946		2020-01-25T22:49:50.303815
16	延长假期	91389		2020-01-25T22:49:50.303902
17	我只有五分钟接受采访	89430		2020-01-25T22:49:50.303989
18	爱的迫降 停播	88128		2020-01-25T22:49:50.304077
19	和平精英崩了	87215		2020-01-25T22:49:50.304165
20	广州城管局副局长被确诊新型肺炎	86057		2020-01-25T22:49:50.304266
21	微信运动前几名的互删一下	78303		2020-01-25T22:49:50.304356
22	武汉市内交通部分解禁	67923		2020-01-25T22:49:50.304446
23	郑爽甜度超标	65574		2020-01-25T22:49:50.304532
24	香港将疫情应变级别提升至最高级	60512		2020-01-25T22:49:50.304619
25	陶勇医生苏醒	57362		2020-01-25T22:49:50.304706
26	肺炎症状	51658		2020-01-25T22:49:50.304794
27	苏大强谢广坤 作爹同框	48626		2020-01-25T22:49:50.304880
28	柳叶刀	45336		2020-01-25T22:49:50.304967
29	30多种可能对新冠病毒有效药物	44102		2020-01-25T22:49:50.305054
30	武汉ICU医生的心愿	42762		2020-01-25T22:49:50.305142
31	党中央成立应对疫情领导工作小组	37742		2020-01-25T22:49:50.305230
32	麻将馆马上给我关门	37733		2020-01-25T22:49:50.305317
33	家庭版抗疫措施怎么做	35906		2020-01-25T22:49:50.305405
34	22日深圳ZH4751次航班旅客	34344		2020-01-25T22:49:50.305492
35	物资如何送进武汉	34092		2020-01-25T22:49:50.305579
36	和爸妈看肖战	33975		2020-01-25T22:49:50.305665
37	内蒙古7例疑似病例全部确诊	33284		2020-01-25T22:49:50.305752
38	声临其境	33134		2020-01-25T22:49:50.305841
39	央视记者武汉vlog	31797		2020-01-25T22:49:50.305929
40	火神山 雷神山	29041		2020-01-25T22:49:50.306016
41	湖南春晚	28864		2020-01-25T22:49:50.306103
42	自由行	27677		2020-01-25T22:49:50.306188
43	这几天我的运动量	26821		2020-01-25T22:49:50.306275
44	天津广播 你别太自信了	25846		2020-01-25T22:49:50.306362
45	对症和中药治愈北京2例新型肺炎患者	24072		2020-01-25T22:49:50.306448
46	湖南台舞美	22710		2020-01-25T22:49:50.306537
47	周深戏腔	22678		2020-01-25T22:49:50.306625
48	阿里10亿医疗物资专项基金	22051		2020-01-25T22:49:50.306712
49	全国旅行社团队游全部暂停	19797		2020-01-25T22:49:50.306799
50	封城日记	19012		2020-01-25T22:49:50.306885
