排名	关键词	热度	特征	时间
1	炎亚纶 飞轮海私下不会联络	2507321	热	2020-03-10T11:57:39.081346
2	疫情没有造成大量的因病因疫返贫	1966416	新	2020-03-10T11:57:39.081649
3	泉州倒塌酒店遇难者名单	1563256	新	2020-03-10T11:57:39.081929
4	我和别的女孩的区别	1526181	新	2020-03-10T11:57:39.082136
5	五花肉打底裤	1167491	新	2020-03-10T11:57:39.082333
6	综艺宅急送	1027342	荐	2020-03-10T11:57:39.082521
7	语音时长可以有多长	951877		2020-03-10T11:57:39.082708
8	王者荣耀安卓iOS互通	816240		2020-03-10T11:57:39.082870
9	3000多名小学生集体模仿名画	806485	新	2020-03-10T11:57:39.083029
10	北京供暖延长至3月22日	731534		2020-03-10T11:57:39.083221
11	钉钉回应崩了	660764		2020-03-10T11:57:39.083384
12	泉州酒店一男子68小时后被救出	659679	新	2020-03-10T11:57:39.083538
13	吴尊为林丽吟画爱情童话书	607707		2020-03-10T11:57:39.083733
14	蛋黄派粉扑	560208		2020-03-10T11:57:39.083895
15	德国接收希土边界难民儿童	527865	新	2020-03-10T11:57:39.084051
16	西班牙新冠肺炎确诊升至1227例	515368	新	2020-03-10T11:57:39.084270
17	上大学之后的颜值变化	485723	新	2020-03-10T11:57:39.084468
18	永远不知道和你上网课的是谁	466663	新	2020-03-10T11:57:39.084662
19	淘宝崩了	459945	热	2020-03-10T11:57:39.084860
20	米兰封城后仅有部分旅客戴口罩	439305		2020-03-10T11:57:39.085045
21	何雯娜孕肚婚纱照	436387		2020-03-10T11:57:39.085210
22	开学延迟的心理变化	427991		2020-03-10T11:57:39.085370
23	平底锅香蕉松饼	427972	新	2020-03-10T11:57:39.085527
24	婚前21天	399656		2020-03-10T11:57:39.085711
25	湖北潜江市将全面恢复生产生活秩序	394990		2020-03-10T11:57:39.085864
26	哈里梅根最后一次王室活动	380645		2020-03-10T11:57:39.086032
27	隔离英文怎么讲	363163		2020-03-10T11:57:39.086198
28	意大利监狱暴动已有20人越狱	345374		2020-03-10T11:57:39.086354
29	郑恺苗苗	327085		2020-03-10T11:57:39.086513
30	当代女生的理想未来	307484	新	2020-03-10T11:57:39.086665
31	两代花木兰同框	302148		2020-03-10T11:57:39.086852
32	花花万物	299943		2020-03-10T11:57:39.087006
33	失忆30年看新闻触发老家记忆	283206		2020-03-10T11:57:39.087156
34	仙桃奶冻	267912		2020-03-10T11:57:39.087317
35	白宫称特朗普尚未接受新冠病毒检测	264401		2020-03-10T11:57:39.087469
36	电竞成为亚室会正式项目	262324		2020-03-10T11:57:39.087635
37	北京大学生电影节延期	253531		2020-03-10T11:57:39.087796
38	日本新冠肺炎病例增至524例	252273		2020-03-10T11:57:39.087953
39	武汉最后一个方舱的最后一天	250879		2020-03-10T11:57:39.088116
40	开学时间表	245614		2020-03-10T11:57:39.088308
41	109个国家地区32555例新冠肺炎	245282	新	2020-03-10T11:57:39.088465
42	沙特阿美石油公司暂停股票买卖	243943	新	2020-03-10T11:57:39.088615
43	意大利式疫情小喇叭开播	241951	新	2020-03-10T11:57:39.088762
44	比得兔2推迟上映	239807	新	2020-03-10T11:57:39.088908
45	旅行中收获的意外惊喜	237746	新	2020-03-10T11:57:39.089049
46	曾经拒绝现在真香的食物	236401	新	2020-03-10T11:57:39.089191
47	罗马人民排队进超市采购	235239	新	2020-03-10T11:57:39.089335
48	花木兰口碑	234523		2020-03-10T11:57:39.089477
49	住华南海鲜市场43天未感染	226550		2020-03-10T11:57:39.089592
50	罗志祥经纪人回应分手传闻	219201		2020-03-10T11:57:39.089713
