排名	关键词	热度	特征	时间
1	李文亮等被追授全国防疫先进个人	2571347	新	2020-03-05T07:49:47.311894
2	滞留武汉亲戚家8人挤两室一厅	1160965	热	2020-03-05T07:49:47.311972
3	用爱筑起医护后盾	1155843	荐	2020-03-05T07:49:47.312034
4	中国空气中的二氧化氮含量显著下降	1075592		2020-03-05T07:49:47.312094
5	水果姐怀孕	1067838	新	2020-03-05T07:49:47.312143
6	黄子佼孟耿如结婚	1057963	热	2020-03-05T07:49:47.312231
7	中国将向韩国提供急需医疗物资援助	998212		2020-03-05T07:49:47.312293
8	武汉已有10位康复者连续两次捐血浆	957819	新	2020-03-05T07:49:47.312342
9	联合国前秘书长去世	889648		2020-03-05T07:49:47.312401
10	听到爆炸就笑女童一家定居土耳其	878944		2020-03-05T07:49:47.312448
11	最近的电视剧都好气人	876681		2020-03-05T07:49:47.312495
12	又一艘公主号邮轮发生疫情	870615		2020-03-05T07:49:47.312542
13	巴基斯坦拿出全国医院库存口罩给中国	868970		2020-03-05T07:49:47.312588
14	中方考虑向世卫组织捐款	864723		2020-03-05T07:49:47.312634
15	12308日均人工接听1100多通求助电话	858252		2020-03-05T07:49:47.312685
16	170多个国家领导人向中国表示慰问支持	853487		2020-03-05T07:49:47.312740
17	郑爽安娜公主造型	849177		2020-03-05T07:49:47.312792
18	青春有你2 Lisa	844201	新	2020-03-05T07:49:47.312844
19	合肥一小区楼道出现白狐	839158	新	2020-03-05T07:49:47.312911
20	日本学生停课后涌上街头	837272		2020-03-05T07:49:47.312977
21	土耳其议会打起来了	779708	新	2020-03-05T07:49:47.313028
22	于朦胧眼睛受伤视频	689552	新	2020-03-05T07:49:47.313099
23	开学时间	645802	新	2020-03-05T07:49:47.313168
24	富士康一名员工不幸去世	597275		2020-03-05T07:49:47.313231
25	青春有你2定档	582567		2020-03-05T07:49:47.313281
26	方舱考研患者遇导师诊疗	550460	新	2020-03-05T07:49:47.313366
27	八月长安	546637		2020-03-05T07:49:47.313477
28	卓宝	521806		2020-03-05T07:49:47.313547
29	广西三月三假期取消	508097		2020-03-05T07:49:47.313596
30	网络上什么是真的	466317	新	2020-03-05T07:49:47.313645
31	百变小樱手链	432251		2020-03-05T07:49:47.313704
32	上海迪士尼航拍	372372		2020-03-05T07:49:47.313750
33	宠物被迫营业现场	316161		2020-03-05T07:49:47.313795
34	做一个精致女孩有多难	311363		2020-03-05T07:49:47.313841
35	中国防控措施至少成功预防10万病例	271869		2020-03-05T07:49:47.313887
36	旺仔漏奶滑	270479		2020-03-05T07:49:47.313934
37	当c语言老师遇到程序崩溃	268678		2020-03-05T07:49:47.313979
38	惊蛰	264987		2020-03-05T07:49:47.314025
39	捐款333元希望病毒快快散去	255752		2020-03-05T07:49:47.314070
40	湖北开设首家新冠肺炎康复门诊	249751	新	2020-03-05T07:49:47.314115
41	郑琦捐钱	244488		2020-03-05T07:49:47.314172
42	花木兰特别版海报	216392		2020-03-05T07:49:47.314218
43	美疾控中心回应停止公布总检测数	200150	新	2020-03-05T07:49:47.314265
44	让你觉得最甜的校园动漫	197286	新	2020-03-05T07:49:47.314324
45	浙江输入病例曾途经巴黎广州杭州	194869		2020-03-05T07:49:47.314384
46	甩头发换装	189903	新	2020-03-05T07:49:47.314436
47	看葫芦娃太投入哭喊爷爷	184207	新	2020-03-05T07:49:47.314500
48	全国首个口罩自助售卖机	182011		2020-03-05T07:49:47.314564
49	前两月50大城市卖地超5000亿	180878		2020-03-05T07:49:47.314617
50	今年女生节最想收的礼物	176875		2020-03-05T07:49:47.314669
