排名	关键词	热度	特征	时间
1	男子在赴美航班上死亡	2672215	热	2020-03-15T07:39:57.532687
2	女大学生起诉迪士尼维权获啄木鸟奖	1769106	热	2020-03-15T07:39:57.532831
3	房产315	1717889	荐	2020-03-15T07:39:57.532947
4	新加坡女子戴口罩晕倒无人敢扶	1712823	新	2020-03-15T07:39:57.533064
5	蔡徐坤点评	1595486		2020-03-15T07:39:57.533184
6	伊朗总统谴责美国制裁妨碍抗击疫情	1488792	新	2020-03-15T07:39:57.533280
7	我近视但我能看到帅哥	1450348	新	2020-03-15T07:39:57.533398
8	董存瑞外甥艾冬被追授二级英模称号	1377579		2020-03-15T07:39:57.533515
9	美国小哥吐槽美国防疫啥也没做	898831		2020-03-15T07:39:57.533608
10	越南制香工人	848169		2020-03-15T07:39:57.533702
11	中国医疗队为意大利介绍诊疗方案	813883		2020-03-15T07:39:57.533793
12	武汉公交将为返岗人员提供通勤服务	725161	新	2020-03-15T07:39:57.533885
13	虞书欣镜头	678331	热	2020-03-15T07:39:57.534001
14	英国女王离开白金汉宫	639819		2020-03-15T07:39:57.534116
15	315	507534		2020-03-15T07:39:57.534207
16	武汉通报殡葬车运送生活物资	468875	热	2020-03-15T07:39:57.534297
17	苹果不允许娱乐游戏App以疫情为主题	467398		2020-03-15T07:39:57.534420
18	官方回应隔离14天收14000元	461983	新	2020-03-15T07:39:57.534511
19	你把后羿吓着了	460306		2020-03-15T07:39:57.534625
20	对日语的误解	455633	新	2020-03-15T07:39:57.534717
21	联合国秘书长呼吁全球共同向新冠宣战	451849	新	2020-03-15T07:39:57.534823
22	票房损失巨大但游戏营收增长	448667		2020-03-15T07:39:57.534929
23	Jennie韩版嘉人封面	434792		2020-03-15T07:39:57.535013
24	人气高但你却无感的水果	407068		2020-03-15T07:39:57.535095
25	NBA第三例新冠确诊	365792		2020-03-15T07:39:57.535176
26	凌晨四点的告白	354083		2020-03-15T07:39:57.535257
27	三部漫威新剧停拍	348583		2020-03-15T07:39:57.535338
28	武大樱花直播日程	325741		2020-03-15T07:39:57.535419
29	别人家的弟弟与我家的弟弟	317916		2020-03-15T07:39:57.535499
30	武汉通报倒卖储备肉赚差价	316759	新	2020-03-15T07:39:57.535579
31	首都机场国际进港航班均停靠处置专区	298751		2020-03-15T07:39:57.535684
32	浦东机场防输入闭环式管理	298511	新	2020-03-15T07:39:57.535768
33	印度农民怕染病毒活埋6000只鸡	294299		2020-03-15T07:39:57.535877
34	圆脸女生颜值大赛	291095		2020-03-15T07:39:57.535970
35	特朗普	290475		2020-03-15T07:39:57.536062
36	重症患者心理问题复杂程度超乎想象	289997		2020-03-15T07:39:57.536154
37	西班牙随时动用武装力量封城	270613		2020-03-15T07:39:57.536258
38	文在寅宣布大邱庆尚北道为特别灾区	268036	新	2020-03-15T07:39:57.536343
39	罗马上空响起义勇军进行曲	247132		2020-03-15T07:39:57.536447
40	特朗普新冠病毒测试结果呈阴性	223789		2020-03-15T07:39:57.536529
41	纽约时报记者介绍中国疫情防控	223416	新	2020-03-15T07:39:57.536611
42	航拍农民春耕种草莓	222266	新	2020-03-15T07:39:57.536714
43	老人守医护宣传片到天黑只为看孙女1秒	221461	新	2020-03-15T07:39:57.536816
44	巴菲特3.59亿美元增持纽约梅隆银行	220350	新	2020-03-15T07:39:57.536919
45	现在的小学生太硬核了	220052	新	2020-03-15T07:39:57.537021
46	315照骗大赛	219073	新	2020-03-15T07:39:57.537123
47	时光与你都很甜结局	218217	新	2020-03-15T07:39:57.537225
48	假如有一天通知你开学了	217388		2020-03-15T07:39:57.537327
49	5名大学生手拉手救人两人溺亡	203865		2020-03-15T07:39:57.537408
50	云赏武大樱花开放全过程	200904	新	2020-03-15T07:39:57.537492
