排名	关键词	热度	特征	时间
1	白岩松谈武汉来京女子确诊新冠肺炎	1165357	沸	2020-02-26T18:45:52.992158
2	马云再次登顶中国首富	992036	沸	2020-02-26T18:45:52.992265
3	中国境外新增新冠肺炎病例超过中国境内	925749		2020-02-26T18:45:52.992330
4	孙俪妹妹	902444	热	2020-02-26T18:45:52.992380
5	斯黛拉 年下恋	521914		2020-02-26T18:45:52.992439
6	祈福2020 万事捷达	472345	荐	2020-02-26T18:45:52.992487
7	安家	457538	沸	2020-02-26T18:45:52.992545
8	完美关系	412040	沸	2020-02-26T18:45:52.992603
9	湖北404名民辅警感染新冠肺炎	411775		2020-02-26T18:45:52.992661
10	日本未来两周暂停大型活动	411479		2020-02-26T18:45:52.992708
11	莎拉波娃退役	411429		2020-02-26T18:45:52.992754
12	湖北司法厅回应武汉回京黄女士事件	411080		2020-02-26T18:45:52.992801
13	黄冈要求怀孕医护人员在家休息	410793		2020-02-26T18:45:52.992848
14	刘亦菲腹肌	410312		2020-02-26T18:45:52.992894
15	湖北及援鄂一线医务子女考上武大奖1万元	410011		2020-02-26T18:45:52.992940
16	以色列科学家称发现首个不呼吸动物	409830		2020-02-26T18:45:52.992986
17	王思聪 泰国	409449	热	2020-02-26T18:45:52.993032
18	这真不是男朋友技术问题	409298		2020-02-26T18:45:52.993088
19	闭关在家要认清的一个事实	408984		2020-02-26T18:45:52.993133
20	张乘乘	408712		2020-02-26T18:45:52.993179
21	半藏森林	374196	热	2020-02-26T18:45:52.993224
22	首次戴隐形眼镜的你	369047	新	2020-02-26T18:45:52.993281
23	疫情结束后的计划清单	252029		2020-02-26T18:45:52.993338
24	原相机自拍大赛	234071	新	2020-02-26T18:45:52.993384
25	20来岁的真实状态	198756		2020-02-26T18:45:52.993440
26	深坑国际公寓	196629		2020-02-26T18:45:52.993486
27	房似锦扶徐姑姑上厕所	177676		2020-02-26T18:45:52.993531
28	华中农大倡议学生就地下田	159049		2020-02-26T18:45:52.993577
29	棉花糖做成了蜘蛛网	151545		2020-02-26T18:45:52.993622
30	和女朋友在一起的不同阶段	142219		2020-02-26T18:45:52.993680
31	苹果建议不要滑动关闭后台程序	129724		2020-02-26T18:45:52.993725
32	戴口罩后才发现的事实	122140		2020-02-26T18:45:52.993782
33	炖鸡	117538		2020-02-26T18:45:52.993828
34	对鞋底快递外卖包装消毒属过度消毒	114688		2020-02-26T18:45:52.993873
35	希腊出现首例新冠病毒确诊病例	111455		2020-02-26T18:45:52.993918
36	明星直播神反应	109519		2020-02-26T18:45:52.993963
37	境外团队游客从25万降至不到90人	102885		2020-02-26T18:45:52.994010
38	钻石公主号确诊新冠肺炎达705人	99781		2020-02-26T18:45:52.994056
39	我国医用N95口罩日产能突破100万只	98007		2020-02-26T18:45:52.994101
40	护士小姐姐熊抱抢镜	97367		2020-02-26T18:45:52.994148
41	韩国SK电讯总部紧急关闭	89864		2020-02-26T18:45:52.994194
42	武汉最早新冠肺炎患者详情	87749		2020-02-26T18:45:52.994240
43	荆门市委书记市长被予以诫勉	84675		2020-02-26T18:45:52.994285
44	关于口罩10个最新问题	83640		2020-02-26T18:45:52.994331
45	高伟光翻牌	82033		2020-02-26T18:45:52.994376
46	疫情期间4种疫苗需及时接种	81849		2020-02-26T18:45:52.994421
47	新冠肺炎致伊朗19人死亡	75886		2020-02-26T18:45:52.994467
48	柏林电影节灵气美少女	75791		2020-02-26T18:45:52.994520
49	韩国仁川飞山东威海航班5名乘客发热	75452		2020-02-26T18:45:52.994566
50	消毒剂正确使用方法	69482	新	2020-02-26T18:45:52.994613
