排名	关键词	热度	特征	时间
1	15城暂停限号	2777408	热	2020-02-03T11:58:39.376123
2	英语专四专八考试时间调整	2131148	新	2020-02-03T11:58:39.376256
3	李兰娟回应疫苗进展	1961914	热	2020-02-03T11:58:39.376358
4	盛骏宣布已结婚生子	1920017	新	2020-02-03T11:58:39.376450
5	野狼disco伴奏原作者	1757519	沸	2020-02-03T11:58:39.376541
6	远程办公	1456378	沸	2020-02-03T11:58:39.376631
7	金银潭医院首批中医药参与治疗患者出院	1203539	新	2020-02-03T11:58:39.376719
8	儿童和孕产妇是新型肺炎易感人群	1101154	沸	2020-02-03T11:58:39.376808
9	最新疫情地图	950787	沸	2020-02-03T11:58:39.376896
10	新增治愈病例连续4天超过死亡病例	935739		2020-02-03T11:58:39.376986
11	北京复兴医院出现聚集性病例	896211		2020-02-03T11:58:39.377060
12	视觉中国网站恢复访问	824687	新	2020-02-03T11:58:39.377132
13	陈薇	711205	热	2020-02-03T11:58:39.377218
14	记者记录患者发热到确诊全过程	710929		2020-02-03T11:58:39.377306
15	确诊病例门把手测出病毒核酸	706100	热	2020-02-03T11:58:39.377377
16	宝石老舅	703841	新	2020-02-03T11:58:39.377466
17	无湖北接触史返京人员无须14天监督观察	700872	新	2020-02-03T11:58:39.377555
18	过多睡眠不利于当前健康调整	699340	热	2020-02-03T11:58:39.377642
19	尹正 蒋梦婕	696585	热	2020-02-03T11:58:39.377729
20	Everglow回归	693016		2020-02-03T11:58:39.377817
21	GFRIEND回归	691528	新	2020-02-03T11:58:39.377887
22	想见你	689634	新	2020-02-03T11:58:39.377975
23	爸爸和女儿时隔17年的接力出征	676595		2020-02-03T11:58:39.378063
24	令人骄傲的饭圈女孩们	579757		2020-02-03T11:58:39.378133
25	秦皇岛公布确诊病例乘坐车次	539529		2020-02-03T11:58:39.378202
26	段小薇	480029		2020-02-03T11:58:39.378273
27	我的英雄学院	405653		2020-02-03T11:58:39.378341
28	emoji猜地名	348001	新	2020-02-03T11:58:39.378411
29	发改委回应疫情对中国经济影响	346376		2020-02-03T11:58:39.378498
30	武汉招募防疫青年志愿者	345836		2020-02-03T11:58:39.378569
31	护士长连续工作9天晕倒	322092		2020-02-03T11:58:39.378638
32	哈尔滨确诊产妇产下健康女婴	319495		2020-02-03T11:58:39.378707
33	迪拜哈利法塔打出武汉加油	298921		2020-02-03T11:58:39.378776
34	发改委回应口罩紧缺问题	291175		2020-02-03T11:58:39.378845
35	李兰娟	289572		2020-02-03T11:58:39.378914
36	白衣护士与消防员的隔空婚礼	279608		2020-02-03T11:58:39.378984
37	钟元凯 施楚君	246497		2020-02-03T11:58:39.379055
38	农村抗疫硬核操作	245364		2020-02-03T11:58:39.379125
39	一万吨冻猪肉随时准备向武汉市场投放	232604		2020-02-03T11:58:39.379193
40	火神山医院的10天10夜	231047		2020-02-03T11:58:39.379263
41	海南12起聚集性疫情	218644		2020-02-03T11:58:39.379332
42	之前的目标太遥远了	201766	新	2020-02-03T11:58:39.379401
43	希望看到这些热搜	201112	新	2020-02-03T11:58:39.379489
44	柯佳嬿演技	200946		2020-02-03T11:58:39.379578
45	核酸检测试剂产量是疑似患者40倍	187464		2020-02-03T11:58:39.379649
46	科比	177786		2020-02-03T11:58:39.379719
47	超级碗	176089		2020-02-03T11:58:39.379790
48	在家想念以前出游的日子	175713		2020-02-03T11:58:39.379859
49	刘亦菲舞剑	175613		2020-02-03T11:58:39.379927
50	失误才是儿童表演的亮点	175545		2020-02-03T11:58:39.379997
