排名	关键词	热度	特征	时间
1	央视春晚阵容	2788808	沸	2020-01-10T02:52:47.253814
2	美众议院通过限制总统对伊朗动武决议	2104313		2020-01-10T02:52:47.253987
3	2020国漫需要牛	2099780	荐	2020-01-10T02:52:47.254108
4	朱丹 天下我最棒	2098016	新	2020-01-10T02:52:47.254250
5	张钧甯演技	1692722		2020-01-10T02:52:47.254389
6	春节李现来支招	1024045	荐	2020-01-10T02:52:47.254501
7	唐人街探案网剧剧情	896677	新	2020-01-10T02:52:47.254636
8	英主持人追问谎话连篇的美发言人	615091	新	2020-01-10T02:52:47.254773
9	2020春运第一天	477996		2020-01-10T02:52:47.254909
10	詹青云 凭什么妈妈要做超人	306436	沸	2020-01-10T02:52:47.255017
11	伊朗导弹疑似击落客机现场视频	286707	新	2020-01-10T02:52:47.255155
12	池子 蛋哥在我这不是蛋总	279316		2020-01-10T02:52:47.255291
13	中国国奥 韩国国奥	244072		2020-01-10T02:52:47.255398
14	小袋鼠被火光包围拼命逃窜	184855		2020-01-10T02:52:47.255516
15	新疆蝶湖树状冰纹似水墨画	178029	新	2020-01-10T02:52:47.255641
16	东京奥运村床架由纸板制成	171809	新	2020-01-10T02:52:47.255797
17	笑果文化声明	171765	新	2020-01-10T02:52:47.255952
18	爱情公寓5定档	171659		2020-01-10T02:52:47.256104
19	特鲁多称伊朗击落乌克兰客机	171451	新	2020-01-10T02:52:47.256246
20	2600年前人脑保存完好	171320	新	2020-01-10T02:52:47.256404
21	你见过颜值忽高忽低的人	171248		2020-01-10T02:52:47.256555
22	baby冬日清宫装	171147	新	2020-01-10T02:52:47.256685
23	傅首尔 动感夸人	170917	新	2020-01-10T02:52:47.256837
24	长辈看中的对象真的合适吗	170877		2020-01-10T02:52:47.256993
25	莱姆病	170678		2020-01-10T02:52:47.257116
26	你最欣赏的男生是什么样	170640		2020-01-10T02:52:47.257238
27	周迅舒淇陈坤二次元年会	170056		2020-01-10T02:52:47.257360
28	袁泉气质	166240		2020-01-10T02:52:47.257479
29	央视还原女子反杀醉汉案经过	149682		2020-01-10T02:52:47.257600
30	国奥遭韩国补时绝杀	115739		2020-01-10T02:52:47.257721
31	你见过最绝的古风穿搭	115533		2020-01-10T02:52:47.257842
32	王源 饭点的时候最想祖国	111694		2020-01-10T02:52:47.257962
33	昆凌投篮姿势	110118		2020-01-10T02:52:47.258081
34	父母老了你最担心的是什么	104725	新	2020-01-10T02:52:47.258204
35	英国议会下院三读通过首相脱欧议案	102025	新	2020-01-10T02:52:47.258355
36	害怕打电话是什么心理	101885	新	2020-01-10T02:52:47.258508
37	胜利被申请拘捕令	101843	新	2020-01-10T02:52:47.258659
38	防弹少年团 Shadow	101696	新	2020-01-10T02:52:47.258803
39	过年式破产	101500	新	2020-01-10T02:52:47.258941
40	奇葩说	99326		2020-01-10T02:52:47.259076
41	很体面但工资低的工作	98920		2020-01-10T02:52:47.259194
42	饭圈职业黑粉产业	98629	新	2020-01-10T02:52:47.259315
43	巴萨不敌马竞	98348	新	2020-01-10T02:52:47.259465
44	大明湖雪霁初晴	97842	新	2020-01-10T02:52:47.259620
45	广州两车站铁路换地铁免检	97407	新	2020-01-10T02:52:47.259773
46	缺爱者最大的愿望	97292	新	2020-01-10T02:52:47.259925
47	欧阳娜娜 公主切	96910		2020-01-10T02:52:47.260077
48	宋茜橘色高腰阔腿裤	96288		2020-01-10T02:52:47.260217
49	为什么年味越来越淡了	96240		2020-01-10T02:52:47.260345
50	史上最严征信系统即将上线	93372		2020-01-10T02:52:47.260470
