排名	关键词	热度	特征	时间
1	3月起明令禁止网络暴力人肉搜索	3333165	热	2020-02-29T17:38:59.656022
2	北京出现假冒小区出入证	1742619	新	2020-02-29T17:38:59.656106
3	日本首家因疫情倒闭企业	1687316	热	2020-02-29T17:38:59.656169
4	心疼九八五	1552999	热	2020-02-29T17:38:59.656245
5	被江达琳气死	1135517		2020-02-29T17:38:59.656311
6	宋茜宋威龙好甜	1061833		2020-02-29T17:38:59.656365
7	1037万多名党员自愿捐款11.8亿元	855803	热	2020-02-29T17:38:59.656417
8	红糖饼	799116	新	2020-02-29T17:38:59.656481
9	任嘉伦不会滑旱冰	587157		2020-02-29T17:38:59.656545
10	想见你最后彩蛋	559321		2020-02-29T17:38:59.656597
11	美国北约14个月内从阿富汗全部撤军	537562		2020-02-29T17:38:59.656648
12	法国疫情扩散进入第二阶段	514924	新	2020-02-29T17:38:59.656700
13	安家	483791		2020-02-29T17:38:59.656763
14	伊朗一名感染新冠病毒议员去世	475687		2020-02-29T17:38:59.656813
15	西藏16人救治团队全部解除医学隔离	466482		2020-02-29T17:38:59.656863
16	肖战	466071	热	2020-02-29T17:38:59.656913
17	人人影视	464046	新	2020-02-29T17:38:59.656976
18	快本这期没有谢娜	463365	热	2020-02-29T17:38:59.657038
19	朋友圈文案	462242	新	2020-02-29T17:38:59.657101
20	橙光	461533	新	2020-02-29T17:38:59.657163
21	这就是四年后的你	460230	新	2020-02-29T17:38:59.657224
22	张杰云演唱会	458168		2020-02-29T17:38:59.657288
23	易烊千玺 封面	456918	新	2020-02-29T17:38:59.657337
24	四年前的今天发过的朋友圈	455791		2020-02-29T17:38:59.657398
25	全年人均月流量7.82GB	455354	新	2020-02-29T17:38:59.657448
26	卫哲 裴瑜	422073		2020-02-29T17:38:59.657511
27	平底锅做铁板烧烤豆腐	375778	新	2020-02-29T17:38:59.657561
28	稻城到底有多美	374704		2020-02-29T17:38:59.657628
29	美国和塔利班签署和平协议	343165		2020-02-29T17:38:59.657678
30	陆政廷	341912		2020-02-29T17:38:59.657751
31	四年后的2月29	310312		2020-02-29T17:38:59.657799
32	蔡徐坤 快乐大本营	305567		2020-02-29T17:38:59.657847
33	完美关系	288444		2020-02-29T17:38:59.657893
34	中国援伊朗专家组抵达德黑兰	276282		2020-02-29T17:38:59.657940
35	手抓饼披萨	272811		2020-02-29T17:38:59.657986
36	周子瑜	253744		2020-02-29T17:38:59.658032
37	袁隆平捐10万元支持湖北抗疫	249238		2020-02-29T17:38:59.658077
38	声临其境	237122		2020-02-29T17:38:59.658122
39	上海Costco超市顶楼冒出黑烟	222557		2020-02-29T17:38:59.658167
40	凯撒奖引起离场抗议	219455		2020-02-29T17:38:59.658212
41	大主宰	217380		2020-02-29T17:38:59.658257
42	成都世界大运会日期确定	212587		2020-02-29T17:38:59.658303
43	韩国新冠肺炎累计3150例	210556		2020-02-29T17:38:59.658348
44	天津两名出院患者核酸复阳再次入院	195657		2020-02-29T17:38:59.658394
45	陈情令新花絮	186953		2020-02-29T17:38:59.658439
46	教皇	179939		2020-02-29T17:38:59.658484
47	外国人永久居留管理条例	166708		2020-02-29T17:38:59.658529
48	北京儿童医院确诊患儿1例	156505		2020-02-29T17:38:59.658574
49	酸奶煎饼	153885		2020-02-29T17:38:59.658623
50	湖北疫情风险等级评估报告	86396		2020-02-29T17:38:59.658672
