排名	关键词	热度	特征	时间
1	这是今日中国的声音	100426		2020-04-04T23:43:52.366798
2	全球天空一个月航班变化图	63393		2020-04-04T23:43:52.366955
3	全球新冠肺炎超过110万例	58386		2020-04-04T23:43:52.367078
4	美国疫情	56417		2020-04-04T23:43:52.367195
5	川藏线突发雪崩武警紧急救援	51169		2020-04-04T23:43:52.367309
6	王智的后盾	49135		2020-04-04T23:43:52.367421
7	赵英明回家丈夫儿子捧花迎接	45676		2020-04-04T23:43:52.367533
8	法国600名军人感染新冠病毒	42016		2020-04-04T23:43:52.367644
9	平如美棠作者饶平如去世	41044		2020-04-04T23:43:52.367756
10	河南民众列出哀悼字样队形	35572		2020-04-04T23:43:52.367878
11	罗永浩回应收到限制消费令	34905		2020-04-04T23:43:52.368005
12	法国人远程视频葬礼	34045		2020-04-04T23:43:52.368130
13	新闻联播	33609		2020-04-04T23:43:52.368273
14	30多地推出消费券	27898		2020-04-04T23:43:52.368396
15	外卖小哥下车默哀流泪	27832		2020-04-04T23:43:52.368518
16	武汉外卖骑手老计没活了	27537		2020-04-04T23:43:52.368640
17	一觉醒来发现屋门被1米深积雪挡住	25423		2020-04-04T23:43:52.368763
18	特朗普解雇美国国家情报督察长	24623		2020-04-04T23:43:52.368885
19	西昌森林大火的三天两夜	23925		2020-04-04T23:43:52.369007
20	返京留学生两次出现症状未报告	21603		2020-04-04T23:43:52.369128
21	山火中牺牲的18名扑火队员的最后一刻	21384		2020-04-04T23:43:52.369249
22	小麦稻谷库存可够全国吃一年	21083		2020-04-04T23:43:52.369372
23	援鄂院感专家10天改造病区	20965		2020-04-04T23:43:52.369494
24	伊朗大使馆引用左传发文	18892		2020-04-04T23:43:52.369617
25	91岁抗美援朝老兵为战友立碑	18215		2020-04-04T23:43:52.369739
26	宁南万人迎英雄遗体回乡	17893		2020-04-04T23:43:52.369861
27	无名烈士墓终于刻上姓名	17310		2020-04-04T23:43:52.369982
28	特朗普集团已在加美两国裁员1000多人	16908		2020-04-04T23:43:52.370104
29	维和战士与国内同步悼念	16758		2020-04-04T23:43:52.370228
30	护士援鄂47天归来儿子已认不出她	14833		2020-04-04T23:43:52.370351
31	南京路步行街市民停下脚步哀悼	14812		2020-04-04T23:43:52.370474
32	王伟墓前有人送来歼20模型	14795		2020-04-04T23:43:52.370595
33	默哀	14777		2020-04-04T23:43:52.370716
34	范佩西和儿子带球神同步	14551		2020-04-04T23:43:52.370837
35	崔娃连线比尔盖茨	14028		2020-04-04T23:43:52.370958
36	悼念援华医生白求恩与柯棣华	13478		2020-04-04T23:43:52.371080
37	多国驻华使馆发微博哀悼	13207		2020-04-04T23:43:52.371201
38	久久不愿离开的武汉市民	13076		2020-04-04T23:43:52.371322
39	鸣笛	12715		2020-04-04T23:43:52.371441
40	中国抗疫图卷	11765		2020-04-04T23:43:52.371560
41	清明祭	11682		2020-04-04T23:43:52.371680
42	西班牙新增确诊7026例	11648		2020-04-04T23:43:52.371801
43	这是今天10点的武汉	11519		2020-04-04T23:43:52.371920
44	钟南山在办公室静立默哀	10947		2020-04-04T23:43:52.372040
45	小学生隔着墙向国旗敬礼	10865		2020-04-04T23:43:52.372163
46	刘强东卸任京东法定代表人	10482		2020-04-04T23:43:52.372299
47	苹果向黑客发7.5万美元奖励	10341		2020-04-04T23:43:52.372421
48	部队官兵鸣枪悼念逝者	9989		2020-04-04T23:43:52.372551
49	防空警报	9000		2020-04-04T23:43:52.372672
50	2020已痛失13名院士	8431		2020-04-04T23:43:52.372792
