排名	关键词	热度	特征	时间
1	蒋超良辞去湖北省人大常委会主任职务	2987289	热	2020-03-06T03:45:52.343216
2	韩国禁止在疫情期间出口医疗物资	1786765	热	2020-03-06T03:45:52.343296
3	英国不再日更确诊病例位置引不满	1202061		2020-03-06T03:45:52.343364
4	鬼怪沙发吻戏	1182205	新	2020-03-06T03:45:52.343418
5	易烊千玺东北大爷式揣手	1120756	新	2020-03-06T03:45:52.343487
6	牛奶屏	1029212	荐	2020-03-06T03:45:52.343552
7	湖北除武汉外新增清零	989978	新	2020-03-06T03:45:52.343617
8	房似锦人设	919668		2020-03-06T03:45:52.343681
9	武汉医院视频连线意大利医院	830128	新	2020-03-06T03:45:52.343732
10	库里复出	792170	新	2020-03-06T03:45:52.343796
11	无接触按钮电梯	766275		2020-03-06T03:45:52.343860
12	北京新增4例境外输入新冠肺炎病例	746270		2020-03-06T03:45:52.343911
13	陕西抗疫补贴超一线医护院长被免职	563948		2020-03-06T03:45:52.343963
14	韩国新冠肺炎确诊升至6284人	548524	新	2020-03-06T03:45:52.344014
15	伊朗议长顾问因新冠肺炎去世	547270		2020-03-06T03:45:52.344078
16	武汉新增126例新冠肺炎	547127	新	2020-03-06T03:45:52.344128
17	悉尼超市女顾客为抢厕纸拔刀相向	546987	新	2020-03-06T03:45:52.344205
18	舒晴沈英杰好甜	546875	新	2020-03-06T03:45:52.344271
19	中国留学生镜头记录疫情下的米兰	546551	新	2020-03-06T03:45:52.344330
20	纯牛奶隐藏的神奇吃法	546550		2020-03-06T03:45:52.344388
21	你见过最好看的素人帅哥	546511		2020-03-06T03:45:52.344433
22	朱闪闪可爱	545988		2020-03-06T03:45:52.344479
23	华人讲述美国新冠病毒检测花销	531259	新	2020-03-06T03:45:52.344525
24	女子潜入隔离病区偷窃4人被问责	516037	新	2020-03-06T03:45:52.344583
25	朋友请听好	435811		2020-03-06T03:45:52.344642
26	上汽集团旗下两大子公司降薪	376962	新	2020-03-06T03:45:52.344693
27	查理和巧克力工厂将拍剧版	370676		2020-03-06T03:45:52.344756
28	为了押韵而写的歌词	346554		2020-03-06T03:45:52.344806
29	英国新冠肺炎确诊数量2日内翻倍	328451		2020-03-06T03:45:52.344856
30	将抗疫表现作为职称评审重要内容	316746	新	2020-03-06T03:45:52.344906
31	父母说漏嘴的事情	312435		2020-03-06T03:45:52.344970
32	李佳琦	307156		2020-03-06T03:45:52.345021
33	郭富城悼念母亲	260673		2020-03-06T03:45:52.345071
34	你属于网课快乐生吗	243206		2020-03-06T03:45:52.345121
35	意大利确诊病例升至3858例	229873		2020-03-06T03:45:52.345169
36	世界各地用新方式代替握手	227225		2020-03-06T03:45:52.345216
37	三生三世枕上书大结局	221897		2020-03-06T03:45:52.345263
38	斯黛拉叶东烈在一起	210364		2020-03-06T03:45:52.345313
39	澳大利亚报纸印空白页当厕纸	210061	新	2020-03-06T03:45:52.345358
40	奥运圣火采集地附近发现新冠肺炎患者	209602	新	2020-03-06T03:45:52.345415
41	国际刑事法院调查美军战争罪行	209350	新	2020-03-06T03:45:52.345471
42	湖北以外30个省区市治愈率超90%	208855	新	2020-03-06T03:45:52.345528
43	冰块腮红	208550		2020-03-06T03:45:52.345584
44	陈晓陈妍希计划生二胎	208084	新	2020-03-06T03:45:52.345630
45	美股再遭重挫	207787	新	2020-03-06T03:45:52.345687
46	国泰航空泄露940万名乘客信息	207381	新	2020-03-06T03:45:52.345743
47	伊哈洛梅开二度	207113	新	2020-03-06T03:45:52.345801
48	新冠疫情波及法国本土所有行政大区	206780		2020-03-06T03:45:52.345858
49	甘肃新增11例境外输入病例	184611		2020-03-06T03:45:52.345905
50	疫情防控经历可视同一年基层工作经历	179560	新	2020-03-06T03:45:52.345950
