排名	关键词	热度	特征	时间
1	阿联酋地标为中国亮灯	2408003	热	2020-03-15T10:46:51.744640
2	意大利切内市市长病逝	1640173		2020-03-15T10:46:51.744829
3	武汉非新冠肺炎患者就医安排	1565668	新	2020-03-15T10:46:51.744952
4	冰糖炖雪梨海外版预告片	1370864		2020-03-15T10:46:51.745096
5	挪威将寻求从中国进口医疗物资	1292405	新	2020-03-15T10:46:51.745209
6	中国以外已确诊超7万例新冠肺炎	1124713	新	2020-03-15T10:46:51.745351
7	官方回应隔离14天收14000元	1013894		2020-03-15T10:46:51.745495
8	新加坡女子戴口罩晕倒无人敢扶	816147		2020-03-15T10:46:51.745610
9	Puff偷家	691098	新	2020-03-15T10:46:51.745725
10	我近视但我能看到帅哥	679615		2020-03-15T10:46:51.745866
11	上海未参加医保境外输入病例自费治疗	657916		2020-03-15T10:46:51.745990
12	所有无症状入境北京人员集中隔离14天	634092	新	2020-03-15T10:46:51.746122
13	蔡徐坤点评	564164		2020-03-15T10:46:51.746283
14	男子在赴美航班上死亡	513880	热	2020-03-15T10:46:51.746409
15	中国再派两名医疗专家增援伊朗	500900		2020-03-15T10:46:51.746568
16	买过最无语的假货	499865	新	2020-03-15T10:46:51.746694
17	你见过最惊艳的毕业照	494900		2020-03-15T10:46:51.746847
18	315照骗大赛	487430		2020-03-15T10:46:51.746972
19	IU四月刊封面	484806		2020-03-15T10:46:51.747098
20	盖尔加朵分享武汉医护人员摘口罩视频	480276		2020-03-15T10:46:51.747224
21	邱晨	479265	新	2020-03-15T10:46:51.747349
22	巴菲特3.59亿美元增持纽约梅隆银行	476487		2020-03-15T10:46:51.747506
23	NBA打假大会	453488	新	2020-03-15T10:46:51.747629
24	现在的小学生太硬核了	426354		2020-03-15T10:46:51.747784
25	纽约时报记者介绍中国疫情防控	400624		2020-03-15T10:46:51.747907
26	文在寅宣布大邱庆尚北道为特别灾区	377876		2020-03-15T10:46:51.748030
27	甘肃两输入性病例被立案侦查	360554	新	2020-03-15T10:46:51.748152
28	你把后羿吓着了	348067		2020-03-15T10:46:51.748324
29	武汉卫健委提醒社区传染风险	338172	新	2020-03-15T10:46:51.748447
30	方舱医院消毒后将恢复原本功能	329843	新	2020-03-15T10:46:51.748601
31	杨奇函	329821	新	2020-03-15T10:46:51.748754
32	时光与你都很甜结局	318954		2020-03-15T10:46:51.748908
33	伊朗总统谴责美国制裁妨碍抗击疫情	306034		2020-03-15T10:46:51.749030
34	联合国秘书长呼吁全球共同向新冠宣战	300637		2020-03-15T10:46:51.749156
35	美国海关查获大批假冒病毒检测盒	296326		2020-03-15T10:46:51.749278
36	美国小哥吐槽美国防疫啥也没做	286439		2020-03-15T10:46:51.749400
37	18岁前后的你	276180	新	2020-03-15T10:46:51.749522
38	女大学生起诉迪士尼维权获啄木鸟奖	271339		2020-03-15T10:46:51.749678
39	北京通报5例境外输入病例情况	254621	新	2020-03-15T10:46:51.749803
40	对日语的误解	252941		2020-03-15T10:46:51.749955
41	315	245486		2020-03-15T10:46:51.750076
42	旅行中最低价的机票	225059		2020-03-15T10:46:51.750195
43	如何让朋友烦你	222875		2020-03-15T10:46:51.750318
44	木子洋给RNG加油	209619	新	2020-03-15T10:46:51.750439
45	央行已发放专项再贷款1840亿元	208936	新	2020-03-15T10:46:51.750592
46	WE RNG	195943	新	2020-03-15T10:46:51.750742
47	苹果不允许娱乐游戏App以疫情为主题	195858		2020-03-15T10:46:51.750895
48	越南制香工人	186199		2020-03-15T10:46:51.751017
49	中国医疗队为意大利介绍诊疗方案	165570		2020-03-15T10:46:51.751138
50	首都机场国际进港航班均停靠处置专区	105911		2020-03-15T10:46:51.751262
