排名	关键词	热度	特征	时间
1	新iPhoneSE	372962		2020-04-15T23:53:43.743783
2	李兰娟回应五一能否出去玩	139470		2020-04-15T23:53:43.743885
3	麦当劳5G炸鸡	135238	荐	2020-04-15T23:53:43.743971
4	李子维黄雨萱一起看伍佰演唱会	130465		2020-04-15T23:53:43.744075
5	陈晓陈妍希朗诵若我归来	123950		2020-04-15T23:53:43.744158
6	李现的银色手机	122928	荐	2020-04-15T23:53:43.744254
7	王俊凯王源易烊千玺同时更博	116088		2020-04-15T23:53:43.744354
8	宋仁宗太难了	106912		2020-04-15T23:53:43.744434
9	哈尔滨疑似感染源韩某为女性	99300		2020-04-15T23:53:43.744514
10	中国已向世卫组织捐款2000万美元	85261		2020-04-15T23:53:43.744593
11	全球新冠肺炎确诊超过200万	74657		2020-04-15T23:53:43.744673
12	钟南山称没发现蚊子传播新冠病毒	65741		2020-04-15T23:53:43.744757
13	解封一周的武汉	59214		2020-04-15T23:53:43.744836
14	山东理工大学虐猫大学生被退学	52190		2020-04-15T23:53:43.744913
15	落樱不扫	51149		2020-04-15T23:53:43.744990
16	雷神山涂鸦墙将被博物馆收藏	46888		2020-04-15T23:53:43.745069
17	曹皇后护驾	46186		2020-04-15T23:53:43.745146
18	薇娅在蘑菇屋直播	44604		2020-04-15T23:53:43.745225
19	没有比它更气鼓鼓的猫了	43783		2020-04-15T23:53:43.745301
20	突然对自己产生了怀疑	41717		2020-04-15T23:53:43.745380
21	民警为查假烟化身渔夫蹲守66天	39955		2020-04-15T23:53:43.745458
22	7名贡献突出医务人员认定高一级职称	39245		2020-04-15T23:53:43.745536
23	想见你音乐会	35158		2020-04-15T23:53:43.745614
24	南航空少起诉电梯内另一当事人	34902		2020-04-15T23:53:43.745691
25	养柯基到底有多快乐	34838		2020-04-15T23:53:43.745768
26	大国粮仓长啥样	33583		2020-04-15T23:53:43.745845
27	龙岭迷窟	33171		2020-04-15T23:53:43.745923
28	宿管阿姨隔空接单晒上万床被子	27186		2020-04-15T23:53:43.746001
29	尤文感染新冠双星康复	26131		2020-04-15T23:53:43.746079
30	纽约州长拒绝重启经济	25783		2020-04-15T23:53:43.746158
31	张云龙直播	25709		2020-04-15T23:53:43.746235
32	刘亦菲自拍	25599		2020-04-15T23:53:43.746313
33	设置复杂密码的真正原因	24495		2020-04-15T23:53:43.746390
34	外籍人员隔离费用由个人负担	20992		2020-04-15T23:53:43.746467
35	外交部奉劝美方官员别到处甩锅	20968		2020-04-15T23:53:43.746547
36	2020已有5328家影视公司注销	20963		2020-04-15T23:53:43.746625
37	北京商超不得免费提供塑料袋	18865		2020-04-15T23:53:43.746703
38	雷神山医院病房区门上的封条	18617		2020-04-15T23:53:43.746787
39	你和14岁时的区别	18131		2020-04-15T23:53:43.746877
40	钟南山教老外如何劝父母戴口罩	17886		2020-04-15T23:53:43.746965
41	Pandownload	17254		2020-04-15T23:53:43.747053
42	乔丹个人资产21亿美金	16973		2020-04-15T23:53:43.747139
43	万达电影一季度预亏5.5亿	15368		2020-04-15T23:53:43.747227
44	阴阳师服务器	14814		2020-04-15T23:53:43.747313
45	青春诗会	14555		2020-04-15T23:53:43.747398
46	上学时坐第一排是什么感受	14548		2020-04-15T23:53:43.747485
47	福州投放1.5亿元消费券	14378		2020-04-15T23:53:43.747572
48	台版101主题曲舞台	14290		2020-04-15T23:53:43.747657
49	上网课突然卡了	14085		2020-04-15T23:53:43.747744
50	陈乔恩否认怀孕	13700		2020-04-15T23:53:43.747824
