排名	关键词	热度	特征	时间
1	鲍毓明养女发声	276457	热	2020-04-10T22:38:57.551818
2	阚清子帮董力剪头发	152419		2020-04-10T22:38:57.552005
3	罗云熙的防晒秘密	117848	荐	2020-04-10T22:38:57.552140
4	王牌对王牌	117498		2020-04-10T22:38:57.552318
5	姐姐来了	115324		2020-04-10T22:38:57.552445
6	韩红	113874		2020-04-10T22:38:57.552568
7	PDD暂停直播	109283		2020-04-10T22:38:57.552690
8	何猷君辟谣患新冠肺炎	82622		2020-04-10T22:38:57.552813
9	美方威胁吊销中国电信在美经营许可	78644		2020-04-10T22:38:57.552935
10	有方舱医院可能成博物馆	76661		2020-04-10T22:38:57.553059
11	JonyJ女儿正面照	73928		2020-04-10T22:38:57.553182
12	海底捞道歉	70092	热	2020-04-10T22:38:57.553303
13	赌城拉斯维加斯变鬼城	63870		2020-04-10T22:38:57.553452
14	人民日报评鲍毓明被查	53017		2020-04-10T22:38:57.553572
15	非洲新一轮蝗灾规模是第一波的20倍	44390		2020-04-10T22:38:57.553691
16	打工是不可能打工的当事人将出狱	41206		2020-04-10T22:38:57.553813
17	郭子凡	40998		2020-04-10T22:38:57.553936
18	美媒曝光美军感染地图	40933		2020-04-10T22:38:57.554057
19	三千鸦杀	40633		2020-04-10T22:38:57.554178
20	歌手	40398		2020-04-10T22:38:57.554300
21	罗永浩直播	40366		2020-04-10T22:38:57.554422
22	当代女大学生的枕头底下	39436		2020-04-10T22:38:57.554544
23	钟南山称群体免疫行不通	38545		2020-04-10T22:38:57.554666
24	油漆桶包包	36820	新	2020-04-10T22:38:57.554787
25	刚结束隔离的援鄂医生再战绥芬河	36497		2020-04-10T22:38:57.554939
26	德瑞两国加装铁丝网防止跨国接吻	33359		2020-04-10T22:38:57.555061
27	声入人心男团春风十里	31605		2020-04-10T22:38:57.555183
28	当柳絮飘进你衣服后	31489		2020-04-10T22:38:57.555304
29	也门首例新冠肺炎确诊病例	31346		2020-04-10T22:38:57.555425
30	周深 自己按门铃自己听	31345		2020-04-10T22:38:57.555547
31	武汉市民拍邻居窗帘两个月	31332		2020-04-10T22:38:57.555669
32	美国部分医院因收入骤降临时裁员	31239		2020-04-10T22:38:57.555788
33	鲍毓明回应性侵养女	31026		2020-04-10T22:38:57.555910
34	中国红十字会向梵蒂冈捐赠防护物资	30602		2020-04-10T22:38:57.556031
35	薇娅直播间	30202		2020-04-10T22:38:57.556154
36	新疆为防范森林火灾投放1000头牛	27432		2020-04-10T22:38:57.556291
37	会踢毽子的人有多强	26466		2020-04-10T22:38:57.556413
38	熙春喜欢官家	25459		2020-04-10T22:38:57.556533
39	随手捡的石头竟是新石器时代石器	25197		2020-04-10T22:38:57.556653
40	肖战	24575		2020-04-10T22:38:57.556774
41	广州一游戏公司员工核酸检测阳性	23789		2020-04-10T22:38:57.556893
42	李易峰演讲	23405		2020-04-10T22:38:57.557015
43	鲍毓明	22605		2020-04-10T22:38:57.557136
44	错把鞋油当护手霜的我	22361		2020-04-10T22:38:57.557257
45	各年代最受欢迎男团	20990		2020-04-10T22:38:57.557377
46	我国加工贸易面临双向挤压	20025		2020-04-10T22:38:57.557498
47	钟南山回应何时开学	19990		2020-04-10T22:38:57.557619
48	律师公开举报视觉中国	18815		2020-04-10T22:38:57.557739
49	魔鬼奶油宽粉	16298		2020-04-10T22:38:57.557858
50	绥芬河现接受物资捐赠及捐款	15263		2020-04-10T22:38:57.557979
