排名	关键词	热度	特征	时间
1	3月起明令禁止网络暴力人肉搜索	349230	热	2020-02-29T21:51:46.263979
2	日本首家因疫情倒闭企业	214927		2020-02-29T21:51:46.264066
3	北京出现假冒小区出入证	151457		2020-02-29T21:51:46.264120
4	心疼九八五	149065	热	2020-02-29T21:51:46.264170
5	拜仁	135950		2020-02-29T21:51:46.264244
6	馋久了什么都想吃	120560	荐	2020-02-29T21:51:46.264291
7	被江达琳气死	113963		2020-02-29T21:51:46.264351
8	法国疫情扩散进入第二阶段	106825		2020-02-29T21:51:46.264398
9	宋茜宋威龙好甜	87782		2020-02-29T21:51:46.264445
10	美国和塔利班签署和平协议	74628		2020-02-29T21:51:46.264493
11	伊朗一名感染新冠病毒议员去世	73831		2020-02-29T21:51:46.264540
12	安家	69012		2020-02-29T21:51:46.264586
13	1037万多名党员自愿捐款11.8亿元	63647		2020-02-29T21:51:46.264633
14	任嘉伦不会滑旱冰	63363		2020-02-29T21:51:46.264681
15	西藏16人救治团队全部解除医学隔离	63343		2020-02-29T21:51:46.264727
16	红糖饼	58397		2020-02-29T21:51:46.264773
17	肖战	58394	热	2020-02-29T21:51:46.264821
18	快本这期没有谢娜	58379		2020-02-29T21:51:46.264891
19	朋友圈文案	58368		2020-02-29T21:51:46.264943
20	人人影视	58359		2020-02-29T21:51:46.264997
21	易烊千玺 封面	58344		2020-02-29T21:51:46.265048
22	这就是四年后的你	58335		2020-02-29T21:51:46.265099
23	张杰云演唱会	58320		2020-02-29T21:51:46.265149
24	橙光	58313		2020-02-29T21:51:46.265199
25	四年前的今天发过的朋友圈	58304		2020-02-29T21:51:46.265249
26	完美关系	45948		2020-02-29T21:51:46.265299
27	蔡徐坤 快乐大本营	45941		2020-02-29T21:51:46.265350
28	全年人均月流量7.82GB	44679		2020-02-29T21:51:46.265400
29	稻城到底有多美	44630		2020-02-29T21:51:46.265450
30	声临其境	41926		2020-02-29T21:51:46.265501
31	平底锅做铁板烧烤豆腐	41195		2020-02-29T21:51:46.265550
32	美国北约14个月内从阿富汗全部撤军	39464		2020-02-29T21:51:46.265600
33	上海Costco超市顶楼冒出黑烟	38228		2020-02-29T21:51:46.265650
34	韩国新冠肺炎累计3150例	34076		2020-02-29T21:51:46.265702
35	中国援伊朗专家组抵达德黑兰	33338		2020-02-29T21:51:46.265753
36	凯撒奖引起离场抗议	32603		2020-02-29T21:51:46.265805
37	周子瑜	32347		2020-02-29T21:51:46.265854
38	想见你最后彩蛋	31226		2020-02-29T21:51:46.265905
39	手抓饼披萨	30989		2020-02-29T21:51:46.265955
40	卫哲 裴瑜	30567		2020-02-29T21:51:46.266004
41	外国人永久居留管理条例	29890		2020-02-29T21:51:46.266054
42	四年后的2月29	29248		2020-02-29T21:51:46.266113
43	陆政廷	26245		2020-02-29T21:51:46.266166
44	袁隆平捐10万元支持湖北抗疫	25577		2020-02-29T21:51:46.266217
45	教皇	24670		2020-02-29T21:51:46.266267
46	天津两名出院患者核酸复阳再次入院	24191		2020-02-29T21:51:46.266317
47	陈情令新花絮	23633		2020-02-29T21:51:46.266368
48	大主宰	22907		2020-02-29T21:51:46.266418
49	天赐的声音	22660		2020-02-29T21:51:46.266468
50	成都世界大运会日期确定	19985		2020-02-29T21:51:46.266518
