排名	关键词	热度	特征	时间
1	纽约市长说别信特朗普虚幻的希望	3067195	新	2020-03-26T07:46:50.941808
2	研究显示1月1日起病毒已在意大利传播	1507920		2020-03-26T07:46:50.941985
3	感谢 有你	1478163	荐	2020-03-26T07:46:50.942119
4	广东湛江发现34只极度濒危勺嘴鹬	1478163	新	2020-03-26T07:46:50.942282
5	英国女子进充气球一路滚进超市	1380019	新	2020-03-26T07:46:50.942439
6	周冬雨	1320505	热	2020-03-26T07:46:50.942593
7	N号房受害人发声	1139632	热	2020-03-26T07:46:50.942746
8	大连出现首例境外输入确诊病例	1079947	新	2020-03-26T07:46:50.942898
9	武汉的新冠肺炎重症治愈率越来越高	1074720	新	2020-03-26T07:46:50.943051
10	高校银龄教师支援西部计划	1049354		2020-03-26T07:46:50.943204
11	中国已宣布向83个国家提供援助	1046777	热	2020-03-26T07:46:50.943327
12	开学时间	1015105		2020-03-26T07:46:50.943477
13	江西暂停所有出入境国际客运航班	724112		2020-03-26T07:46:50.943596
14	人民币对美元汇率中间价两连涨	702424		2020-03-26T07:46:50.943716
15	中国政府如何确定向哪些国家提供援助	640464		2020-03-26T07:46:50.943835
16	美国一养老院94人或全部感染	608154		2020-03-26T07:46:50.943956
17	四川人有多离不开火锅	606136	新	2020-03-26T07:46:50.944078
18	钻石头纱	605065		2020-03-26T07:46:50.944245
19	苹果考虑推迟发布5GiPhone	598328		2020-03-26T07:46:50.944370
20	这才是猛男的老年生活	592698	新	2020-03-26T07:46:50.944493
21	意大利外长说加入一带一路能救命	502896		2020-03-26T07:46:50.944649
22	N号房	500728		2020-03-26T07:46:50.944770
23	境外输入确诊病例90%持中国护照	493140		2020-03-26T07:46:50.944891
24	广东工地	474350		2020-03-26T07:46:50.945012
25	马克龙戴口罩视察重灾区	459248	新	2020-03-26T07:46:50.945133
26	减肥始终不成功的原因	415034		2020-03-26T07:46:50.945285
27	近十年来最晚的寒潮预警	406104		2020-03-26T07:46:50.945407
28	开学后你的考试成绩	395603		2020-03-26T07:46:50.945529
29	日本确诊病例增至1313例	378477	新	2020-03-26T07:46:50.945649
30	猫上树顶下不来	373597		2020-03-26T07:46:50.945801
31	美少女战士服饰	371562	新	2020-03-26T07:46:50.945923
32	熬夜的隐藏伤害	354068	新	2020-03-26T07:46:50.946073
33	好听但被改了的地名	323778		2020-03-26T07:46:50.946223
34	北京将流感须戴口罩写进法条	313824		2020-03-26T07:46:50.946343
35	中国将及时与全球共享数据成果	306229		2020-03-26T07:46:50.946463
36	港风红唇妆	299268	新	2020-03-26T07:46:50.946584
37	新中国婚姻法学奠基人巫昌祯逝世	291464		2020-03-26T07:46:50.946733
38	韩政府加快为N号房受害者变更身份证	289751	新	2020-03-26T07:46:50.946852
39	中国对外援助原则	289475		2020-03-26T07:46:50.947002
40	三月三	278813		2020-03-26T07:46:50.947122
41	和保安叔叔互测体温	278331	新	2020-03-26T07:46:50.947242
42	钥匙链唇膏	276772	新	2020-03-26T07:46:50.947391
43	2020胡润全球教育企业家榜	275051	新	2020-03-26T07:46:50.947543
44	延迟开学的当代大学生	274229	新	2020-03-26T07:46:50.947693
45	蝴蝶礼裙	273286	新	2020-03-26T07:46:50.947843
46	计划从境外来鄂人员至少提前2天申报	271314	新	2020-03-26T07:46:50.947993
47	高中和大学迟到的区别	269874	新	2020-03-26T07:46:50.948144
48	国足核酸检测全部为阴性	269789	新	2020-03-26T07:46:50.948313
49	湖人主场或将改造成方舱医院	262531		2020-03-26T07:46:50.948469
50	英国重症患者录视频警醒民众	246915	新	2020-03-26T07:46:50.948555
