排名	关键词	热度	特征	时间
1	黎智英被捕	3869332	热	2020-02-28T05:49:48.137073
2	教育部回应高考会不会推迟	3148516	热	2020-02-28T05:49:48.137152
3	爱丽丝	2849821	荐	2020-02-28T05:49:48.137215
4	教育部鼓励更多应届毕业生参军入伍	2666749		2020-02-28T05:49:48.137276
5	煎牛奶	2644284	新	2020-02-28T05:49:48.137324
6	钟南山	2248098	沸	2020-02-28T05:49:48.137381
7	黄晓明为baby庆生	1661253	热	2020-02-28T05:49:48.137439
8	23岁伊朗女足国脚因新冠肺炎去世	1508855	新	2020-02-28T05:49:48.137499
9	研究生毕业答辩可适当延长时间	1446060	新	2020-02-28T05:49:48.137556
10	印度首都骚乱已致32人死亡	1319654		2020-02-28T05:49:48.137624
11	疫情是否会影响大家工资	1224493	新	2020-02-28T05:49:48.137670
12	武汉居民现在这样买菜	1174073		2020-02-28T05:49:48.137735
13	今年全国普通高校毕业生874万人	954715		2020-02-28T05:49:48.137781
14	雨衣妹妹	822919		2020-02-28T05:49:48.137829
15	科比姐姐晒新纹身	822154		2020-02-28T05:49:48.137875
16	谭德塞 中国以外地区才是最大担忧	820456		2020-02-28T05:49:48.137921
17	餐厅复工请外卖小哥吃饭	819888	新	2020-02-28T05:49:48.137969
18	女子穿火龙充气服逛商场被拦	818828		2020-02-28T05:49:48.138026
19	扩招	817678	新	2020-02-28T05:49:48.138075
20	王一博水下憋气	790128	新	2020-02-28T05:49:48.138141
21	心疼阿兰若	732029		2020-02-28T05:49:48.138205
22	武汉零感染小区是如何炼成的	634883	新	2020-02-28T05:49:48.138257
23	武汉义务送药人被举报赚差价	624014		2020-02-28T05:49:48.138322
24	教育部回应扩大硕士和专升本招生	595590	新	2020-02-28T05:49:48.138372
25	多国确诊病例攀升	594730		2020-02-28T05:49:48.138447
26	东京迪士尼将关闭两周	550483	新	2020-02-28T05:49:48.138495
27	张雯	516763		2020-02-28T05:49:48.138552
28	韩专家回应精神科几乎全员确诊	507244		2020-02-28T05:49:48.138597
29	高校该不该开设直播专业	493623	新	2020-02-28T05:49:48.138643
30	当你收到复工通知时	490228	新	2020-02-28T05:49:48.138699
31	A股	487869		2020-02-28T05:49:48.138779
32	2019全国大陆总人口140005万人	459852	新	2020-02-28T05:49:48.138823
33	西安市民冒雨排两小时长队购物	457044		2020-02-28T05:49:48.138879
34	苹果的隐形吃法	432871		2020-02-28T05:49:48.138935
35	魂斗罗作弊码发明人去世	432713		2020-02-28T05:49:48.138981
36	上海白玉兰开了	430953		2020-02-28T05:49:48.139028
37	天津滨海新区应急局长倒在战疫一线	411510	新	2020-02-28T05:49:48.139073
38	头发拖把	406796		2020-02-28T05:49:48.139130
39	韩国累计确诊新冠肺炎2022例	403763		2020-02-28T05:49:48.139175
40	茶香脆皮烤鸡	378418	新	2020-02-28T05:49:48.139221
41	16台ECMO从法兰克福运抵武汉	337085		2020-02-28T05:49:48.139277
42	针对性援助湖北高校和湖北籍毕业生	282632	新	2020-02-28T05:49:48.139323
43	追剧必备零食大赛	282082	新	2020-02-28T05:49:48.139381
44	釜山行2韩国定档	281761	新	2020-02-28T05:49:48.139438
45	郭艾伦为护士粉丝加油	280539	新	2020-02-28T05:49:48.139494
46	老师上网课的尴尬瞬间	279916	新	2020-02-28T05:49:48.139551
47	在家就能做的锅盔	279553	新	2020-02-28T05:49:48.139608
48	因为网课发生的乐趣	279071	新	2020-02-28T05:49:48.139665
49	意大利24小时内新增250例新冠肺炎	251179		2020-02-28T05:49:48.139722
50	安家新片花	242042	新	2020-02-28T05:49:48.139769
