排名	关键词	热度	特征	时间
1	15000个武汉加油中国加油拼成钟南山	3832302	新	2020-03-02T01:39:58.444976
2	法国买口罩需医生开处方	2346714	新	2020-03-02T01:39:58.445052
3	肖战工作室道歉	2110529	热	2020-03-02T01:39:58.445114
4	阿富汗总统拒绝释放塔利班囚犯	1894839	新	2020-03-02T01:39:58.445175
5	意大利新增566例新冠肺炎	1596373	新	2020-03-02T01:39:58.445240
6	武磊造乌龙	1404954		2020-03-02T01:39:58.445298
7	美国新冠肺炎确诊增至74例	986046	新	2020-03-02T01:39:58.445347
8	上海老洋房	981491		2020-03-02T01:39:58.445406
9	深圳新增由英国途经香港输入病例	977552		2020-03-02T01:39:58.445453
10	周深 少管我	970919		2020-03-02T01:39:58.445501
11	江达琳的脑子	966593		2020-03-02T01:39:58.445547
12	叙政府军击落一架土耳其无人机	963211	新	2020-03-02T01:39:58.445592
13	何炅做麻辣烫	959511		2020-03-02T01:39:58.445650
14	韩国首次证实新天地教徒到过武汉	954862		2020-03-02T01:39:58.445696
15	意大利居民拒戴口罩要自由	947597	热	2020-03-02T01:39:58.445743
16	刘良还原新冠肺炎逝者解剖后的肺	942196	新	2020-03-02T01:39:58.445800
17	生活中突然崩溃的经历	939915		2020-03-02T01:39:58.445858
18	小时候磕过最早的cp	923709	新	2020-03-02T01:39:58.445905
19	发际线高的人有什么烦恼	898031	新	2020-03-02T01:39:58.445963
20	单身真不是随便谁都能单的	816571	新	2020-03-02T01:39:58.446020
21	肖战后援会道歉	660693		2020-03-02T01:39:58.446077
22	日本网友用中文表达感谢	633247		2020-03-02T01:39:58.446122
23	懂球帝	593875	新	2020-03-02T01:39:58.446167
24	剑网三	429855		2020-03-02T01:39:58.446227
25	开学	415353		2020-03-02T01:39:58.446280
26	你拍过最有幸福感的照片	352361	新	2020-03-02T01:39:58.446332
27	单身率特别高的大学专业	341239		2020-03-02T01:39:58.446401
28	法国新增30例新冠肺炎	336084	新	2020-03-02T01:39:58.446451
29	全面暂停离汉离鄂网约车业务	334286		2020-03-02T01:39:58.446514
30	像极了儿时家人给你脱衣服	333288		2020-03-02T01:39:58.446570
31	罗云熙素颜	309014		2020-03-02T01:39:58.446616
32	天天向上	256309		2020-03-02T01:39:58.446661
33	王鹤棣剃光头	256198		2020-03-02T01:39:58.446708
34	10架次航班接回1314名中国公民	248969		2020-03-02T01:39:58.446753
35	白凯南节目	246976		2020-03-02T01:39:58.446799
36	被改过的最可惜的地名	230903	新	2020-03-02T01:39:58.446844
37	九八五成功开单	227472		2020-03-02T01:39:58.446909
38	雷神山医院里的钟南山漫画	216865		2020-03-02T01:39:58.446954
39	吴京裹被子cos大象	186574		2020-03-02T01:39:58.446999
40	外国人永久居留管理条例	186076		2020-03-02T01:39:58.447046
41	这次疫情让你看到了什么	184949		2020-03-02T01:39:58.447091
42	王俊凯自拍角度	177752		2020-03-02T01:39:58.447136
43	宅在家里该如何锻炼	176953	新	2020-03-02T01:39:58.447186
44	中国境外累计确诊新冠肺炎7169例	176674	新	2020-03-02T01:39:58.447245
45	湖人裁掉丹尼尔斯	176657	新	2020-03-02T01:39:58.447310
46	意大利议员戴口罩被嘲怒摔话筒	176640		2020-03-02T01:39:58.447373
47	C罗观看国家德比	170389	新	2020-03-02T01:39:58.447424
48	李现刮胡子前后	158225		2020-03-02T01:39:58.447487
49	谭新凯什么时候下线	153939		2020-03-02T01:39:58.447537
50	安家	146796		2020-03-02T01:39:58.447586
