排名	关键词	热度	特征	时间
1	吴尊林丽吟16岁合照	2047461	热	2020-03-06T08:58:38.136890
2	湖北全面禁止食用野生动物	1581277	新	2020-03-06T08:58:38.137012
3	钱包复工日	1520194	荐	2020-03-06T08:58:38.137131
4	陈晓陈妍希计划生二胎	1442451	热	2020-03-06T08:58:38.137231
5	张晋凌晨三点给儿子喂奶	1362707		2020-03-06T08:58:38.137317
6	东北医生凭一己之力带偏医院	1342883		2020-03-06T08:58:38.137392
7	愿你被这个世界温柔以待	1335044	热	2020-03-06T08:58:38.137468
8	9岁女孩 我替武汉谢谢你们	1324652	新	2020-03-06T08:58:38.137554
9	全国每天约减免15亿通行费	1299019	新	2020-03-06T08:58:38.137633
10	库里复出	1292640		2020-03-06T08:58:38.137724
11	上海新增3例境外输入新冠肺炎病例	1266621	新	2020-03-06T08:58:38.137793
12	郑爽 要成为属于自己的姑娘	1248332		2020-03-06T08:58:38.137875
13	鬼怪沙发吻戏	1209508		2020-03-06T08:58:38.137949
14	过半省份允许快递员测温正常后进小区	1194143		2020-03-06T08:58:38.138019
15	易烊千玺东北大爷式揣手	1180926		2020-03-06T08:58:38.138088
16	彭斯承认美国没有足够检测剂	1144409		2020-03-06T08:58:38.138163
17	美国议员戴防毒面具参加国会投票	1135481		2020-03-06T08:58:38.138234
18	大邱市长拒绝新天地教会捐赠	1119891	新	2020-03-06T08:58:38.138308
19	吴尊出道前就结婚了	1105548		2020-03-06T08:58:38.138397
20	内蒙古海拉尔现梦幻月晕	933700	新	2020-03-06T08:58:38.138473
21	婚前21天	780866		2020-03-06T08:58:38.138555
22	鞠婧祎 冬日	769523	新	2020-03-06T08:58:38.138623
23	网购像极了爱情	588170	新	2020-03-06T08:58:38.138701
24	螺蛳粉的英文名	554629		2020-03-06T08:58:38.138779
25	复旦学霸为医护子女义务辅导	506690	新	2020-03-06T08:58:38.138847
26	爸妈眼中最体面的工作	503191	新	2020-03-06T08:58:38.138935
27	学校抓早恋的搞笑经历	436103		2020-03-06T08:58:38.139018
28	孙俪谈房似锦原型	422012		2020-03-06T08:58:38.139087
29	9262名贫困生收到平板电脑上网课	380457		2020-03-06T08:58:38.139157
30	学校如果再不开学	378984	新	2020-03-06T08:58:38.139229
31	你看过最虐心的结局	371111		2020-03-06T08:58:38.139337
32	武汉小区	371042		2020-03-06T08:58:38.139428
33	最具有港风的一张照片	370884		2020-03-06T08:58:38.139492
34	斯玛特被罚款35000美元	348396	新	2020-03-06T08:58:38.139543
35	国家邮政局回应快递摆地摊	337463		2020-03-06T08:58:38.139601
36	武汉学生手机合唱夜空中最亮的星	333941	新	2020-03-06T08:58:38.139652
37	开学	312569		2020-03-06T08:58:38.139714
38	耳环吊裙	289007		2020-03-06T08:58:38.139766
39	上海马拉松升级白金标赛事	235651	新	2020-03-06T08:58:38.139819
40	007调档或损失5000万美元	235077	新	2020-03-06T08:58:38.139883
41	11岁乒乓神童获东京奥运资格	235012		2020-03-06T08:58:38.139945
42	韩国大叔变成鸟爸爸	228254		2020-03-06T08:58:38.139995
43	詹姆斯祝贺库里复出	224285	新	2020-03-06T08:58:38.140044
44	酥皮香肠卷	224126	新	2020-03-06T08:58:38.140108
45	最意外的一次惊喜	223902	新	2020-03-06T08:58:38.140171
46	SpaceX计划送3名游客上国际空间站	223428	新	2020-03-06T08:58:38.140247
47	牡蛎粉饼	223147	新	2020-03-06T08:58:38.140307
48	铜锣烧拎包	223018	新	2020-03-06T08:58:38.140364
49	武汉新增126例新冠肺炎	222728		2020-03-06T08:58:38.140421
50	我看的作品没有大结局	218151	新	2020-03-06T08:58:38.140467
