排名	关键词	热度	特征	时间
1	华南海鲜市场并非新冠病毒发源地	529284	沸	2020-02-22T19:59:38.962119
2	日本15000人戴口罩看足球赛	488784	热	2020-02-22T19:59:38.962196
3	宅家健康运动计划	465906	荐	2020-02-22T19:59:38.962259
4	钻石公主号23名下船者未经病毒检测	461219		2020-02-22T19:59:38.962321
5	张艺兴春晚后空翻彩排摔倒	449499	沸	2020-02-22T19:59:38.962370
6	快乐大本营	416875	沸	2020-02-22T19:59:38.962429
7	丁太升点评王晰	255358	沸	2020-02-22T19:59:38.962489
8	安家	212922	沸	2020-02-22T19:59:38.962551
9	蓝天救援队队员许鹏	200015		2020-02-22T19:59:38.962617
10	姐妹战疫安心行动 梁钰	199405		2020-02-22T19:59:38.962670
11	电饭煲蛋糕大型翻车现场	199178	沸	2020-02-22T19:59:38.962722
12	三星韩国工厂确诊1例新冠病例	199064		2020-02-22T19:59:38.962794
13	声临其境	195306		2020-02-22T19:59:38.962846
14	日本累计报告763例确诊病例	194151		2020-02-22T19:59:38.962897
15	房似锦抢单	191252		2020-02-22T19:59:38.962948
16	浙江第一批疫苗已产生抗体	189265		2020-02-22T19:59:38.963000
17	Gigi的脸	188605	热	2020-02-22T19:59:38.963050
18	房产证该不该加儿媳妇名字	185533		2020-02-22T19:59:38.963113
19	高三和大一上网课的区别	184332		2020-02-22T19:59:38.963166
20	李佳琦直播	182711		2020-02-22T19:59:38.963216
21	杨洋好帅	174886		2020-02-22T19:59:38.963267
22	快乐大本营预告	156579		2020-02-22T19:59:38.963317
23	第一弹崩了	146102		2020-02-22T19:59:38.963367
24	火神山医院ICU病床上的军礼	144224		2020-02-22T19:59:38.963419
25	哈尔滨倡议市民二月二不出门理发	143951		2020-02-22T19:59:38.963469
26	日本出现首例下船后确认感染病例	142248		2020-02-22T19:59:38.963520
27	24岁父母捂死女婴埋尸小区游乐场	113631		2020-02-22T19:59:38.963587
28	天赐的声音	111861		2020-02-22T19:59:38.963676
29	完美关系	109583		2020-02-22T19:59:38.963770
30	武汉市委原秘书长蔡杰被双开	105635		2020-02-22T19:59:38.963836
31	武汉隔离环卫工退房后自觉打扫酒店	102749		2020-02-22T19:59:38.963884
32	男生的思路都是一样的	94390		2020-02-22T19:59:38.963931
33	没做错却很有罪恶感的事	84313		2020-02-22T19:59:38.963977
34	全球航司将损失290亿美元收入	79621		2020-02-22T19:59:38.964024
35	东京都知事回应伦敦接手奥运言论	75829		2020-02-22T19:59:38.964070
36	交警被晒成口罩脸	72188		2020-02-22T19:59:38.964116
37	鹿晗做的油条	71830		2020-02-22T19:59:38.964162
38	当你在家玩游戏被坑时	63723		2020-02-22T19:59:38.964222
39	蝗虫	61723		2020-02-22T19:59:38.964268
40	不得一刀切禁止快递取件和投递	57587		2020-02-22T19:59:38.964313
41	威海大润发	53899		2020-02-22T19:59:38.964361
42	湖南44岁民警牺牲在战疫岗位	51321		2020-02-22T19:59:38.964406
43	詹姆斯缺席韦德球衣退役仪式	50510		2020-02-22T19:59:38.964452
44	寄生虫黑白版预告	50076		2020-02-22T19:59:38.964497
45	一般不要对居室进行全面消毒	48765		2020-02-22T19:59:38.964543
46	非诚勿扰	46227		2020-02-22T19:59:38.964588
47	行李箱爹妈关爱区	45874		2020-02-22T19:59:38.964634
48	中央指导组在湖北的27天	44557		2020-02-22T19:59:38.964680
49	一家五口人幸福生活的一天	37269		2020-02-22T19:59:38.964727
50	当当网负责人因员工确诊新冠肺炎被约谈	33503		2020-02-22T19:59:38.964772
