排名	关键词	热度	特征	时间
1	孟美岐酒后表白吴宣仪	3230383	热	2020-03-29T17:48:49.103170
2	钟南山说推断中国没有大量无症状感染者	2383926	热	2020-03-29T17:48:49.103341
3	特朗普要求波音福特造呼吸机	2021497	新	2020-03-29T17:48:49.103501
4	唐嫣	1574244	热	2020-03-29T17:48:49.103663
5	张文宏预测10月后或有疫情高峰	1337621	热	2020-03-29T17:48:49.103819
6	全球抢购中国呼吸机	1289376	新	2020-03-29T17:48:49.103975
7	你生日那天的宇宙	1202805	热	2020-03-29T17:48:49.104127
8	菲律宾一架飞机坠毁	1200483	新	2020-03-29T17:48:49.104297
9	日本或将美国列为拒绝入境对象	1198864		2020-03-29T17:48:49.104451
10	甘肃新增1例湖北输入病例	1196408		2020-03-29T17:48:49.104575
11	天天向上	1194923	新	2020-03-29T17:48:49.104697
12	冰糖炖雪梨	1193060		2020-03-29T17:48:49.104848
13	意大利市长重操旧业当护士	1189317		2020-03-29T17:48:49.104969
14	13名外籍人员沿山脉入境广西被遣返	1187712		2020-03-29T17:48:49.105092
15	塞尔维亚总理打算为两国友谊竖纪念碑	1183651		2020-03-29T17:48:49.105215
16	康辉给老婆打电话	1182438	新	2020-03-29T17:48:49.105337
17	许可馨	1179377		2020-03-29T17:48:49.105486
18	福克斯道歉	1178544	新	2020-03-29T17:48:49.105606
19	格力将招5000名大学生作研发队伍	1154870	新	2020-03-29T17:48:49.105757
20	外籍男子拒戴口罩辱骂攻击防疫人员	1092526	新	2020-03-29T17:48:49.105908
21	咸宁	1074008	新	2020-03-29T17:48:49.106055
22	4小时目睹4名患者离世	958605		2020-03-29T17:48:49.106207
23	特朗普向退役棒球名将咨询疫情对策	894274	新	2020-03-29T17:48:49.106328
24	Uzi急了	878327		2020-03-29T17:48:49.106482
25	杨幂马甲线	755498		2020-03-29T17:48:49.106603
26	女生遮脸自拍照大赛	699743	新	2020-03-29T17:48:49.106724
27	太阳马戏团考虑申请破产	516537		2020-03-29T17:48:49.106873
28	鹿晗颠卫生纸	495084		2020-03-29T17:48:49.106985
29	杨超越海笑	493286	新	2020-03-29T17:48:49.107101
30	黄冈各单位食堂不得提供酒水	485559	新	2020-03-29T17:48:49.107250
31	权游冰原狼演员去世	483736		2020-03-29T17:48:49.107401
32	不完美的她	473512		2020-03-29T17:48:49.107521
33	冰雨火	468941		2020-03-29T17:48:49.107642
34	中国援助蒙古国第一批抗疫物资交接	438366		2020-03-29T17:48:49.107763
35	云南森林火灾	433103		2020-03-29T17:48:49.107882
36	西班牙街头的鸽子没人喂了	423268		2020-03-29T17:48:49.108002
37	李心艾	399551		2020-03-29T17:48:49.108122
38	武汉协和医院连线纽约90余位医生	383404		2020-03-29T17:48:49.108256
39	长江宜昌段再现成群江豚	372313		2020-03-29T17:48:49.108382
40	中国女孩给巴基斯坦警察送口罩	333678		2020-03-29T17:48:49.108503
41	学生时代一定干过的事情	330095	新	2020-03-29T17:48:49.108589
42	化妆后的迷之自信	329477		2020-03-29T17:48:49.108693
43	外籍男子拒戴口罩不服从管理限期出境	323939	新	2020-03-29T17:48:49.108775
44	甘肃新增输入确诊病例持有绿码	320931	新	2020-03-29T17:48:49.108878
45	父母有多爱看热闹	319973	新	2020-03-29T17:48:49.108981
46	LGD冠军	319298	新	2020-03-29T17:48:49.109082
47	德国华人每天拍视频记录疫情	303034		2020-03-29T17:48:49.109182
48	你好生活	298541	新	2020-03-29T17:48:49.109263
49	办公室小野方回应追加为被告	285252		2020-03-29T17:48:49.109366
50	武汉开启离汉通道日将现年度最大满月	251995		2020-03-29T17:48:49.109448
