排名	关键词	热度	特征	时间
1	白岩松谈武汉来京女子确诊新冠肺炎	281755	沸	2020-02-26T22:42:55.236634
2	中国境外新增新冠肺炎病例超过中国境内	173360		2020-02-26T22:42:55.236728
3	莎拉波娃退役	153573	沸	2020-02-26T22:42:55.236798
4	孙俪妹妹	142677		2020-02-26T22:42:55.236858
5	完美关系	111198	沸	2020-02-26T22:42:55.236906
6	斯黛拉 年下恋	92950		2020-02-26T22:42:55.236964
7	安家	76568	沸	2020-02-26T22:42:55.237011
8	湖北404名民辅警感染新冠肺炎	65028		2020-02-26T22:42:55.237068
9	日本未来两周暂停大型活动	61711		2020-02-26T22:42:55.237115
10	马云再次登顶中国首富	60911	沸	2020-02-26T22:42:55.237169
11	湖北司法厅回应武汉回京黄女士事件	52486		2020-02-26T22:42:55.237232
12	刘亦菲腹肌	41622		2020-02-26T22:42:55.237284
13	以色列科学家称发现首个不呼吸动物	40761		2020-02-26T22:42:55.237334
14	湖北及援鄂一线医务子女考上武大奖1万元	36283		2020-02-26T22:42:55.237385
15	黄冈要求怀孕医护人员在家休息	36108		2020-02-26T22:42:55.237435
16	王思聪 泰国	36050		2020-02-26T22:42:55.237485
17	闭关在家要认清的一个事实	35644		2020-02-26T22:42:55.237535
18	这真不是男朋友技术问题	35423		2020-02-26T22:42:55.237596
19	张乘乘	35200		2020-02-26T22:42:55.237644
20	半藏森林	35162	热	2020-02-26T22:42:55.237693
21	房似锦扶徐姑姑上厕所	34830		2020-02-26T22:42:55.237764
22	深坑国际公寓	34599		2020-02-26T22:42:55.237821
23	20来岁的真实状态	34536		2020-02-26T22:42:55.237871
24	原相机自拍大赛	34496		2020-02-26T22:42:55.237921
25	华中农大倡议学生就地下田	32441		2020-02-26T22:42:55.237971
26	首次戴隐形眼镜的你	31686		2020-02-26T22:42:55.238030
27	境外团队游客从25万降至不到90人	29163		2020-02-26T22:42:55.238079
28	棉花糖做成了蜘蛛网	28970		2020-02-26T22:42:55.238130
29	苹果建议不要滑动关闭后台程序	28458		2020-02-26T22:42:55.238184
30	疫情结束后的计划清单	26918		2020-02-26T22:42:55.238234
31	和女朋友在一起的不同阶段	25435		2020-02-26T22:42:55.238284
32	钻石公主号确诊新冠肺炎达705人	25099		2020-02-26T22:42:55.238333
33	希腊出现首例新冠病毒确诊病例	24281		2020-02-26T22:42:55.238382
34	建议开学后教师戴口罩授课	24185		2020-02-26T22:42:55.238432
35	戴口罩后才发现的事实	24178		2020-02-26T22:42:55.238482
36	新冠肺炎致伊朗19人死亡	24027		2020-02-26T22:42:55.238535
37	武汉最早新冠肺炎患者详情	23342		2020-02-26T22:42:55.238584
38	对鞋底快递外卖包装消毒属过度消毒	22629		2020-02-26T22:42:55.238633
39	韩国仁川飞山东威海航班5名乘客发热	20169		2020-02-26T22:42:55.238684
40	炖鸡	20073		2020-02-26T22:42:55.238730
41	韩国SK电讯总部紧急关闭	18759		2020-02-26T22:42:55.238776
42	我国医用N95口罩日产能突破100万只	18475		2020-02-26T22:42:55.238821
43	柏林电影节灵气美少女	18027		2020-02-26T22:42:55.238870
44	明星直播神反应	17953		2020-02-26T22:42:55.238921
45	疫情期间4种疫苗需及时接种	17452		2020-02-26T22:42:55.238972
46	高伟光翻牌	16635		2020-02-26T22:42:55.239024
47	关于口罩10个最新问题	16421		2020-02-26T22:42:55.239073
48	消毒剂正确使用方法	16006		2020-02-26T22:42:55.239130
49	护士小姐姐熊抱抢镜	15096		2020-02-26T22:42:55.239180
50	基金	11150		2020-02-26T22:42:55.239229
