排名	关键词	热度	特征	时间
1	鲍毓明养女发声	353149	热	2020-04-10T21:58:37.224090
2	阚清子帮董力剪头发	186426		2020-04-10T21:58:37.224336
3	王牌对王牌	164265		2020-04-10T21:58:37.224489
4	姐姐来了	155975		2020-04-10T21:58:37.224619
5	韩红	152519		2020-04-10T21:58:37.224748
6	PDD暂停直播	144982		2020-04-10T21:58:37.224874
7	JonyJ女儿正面照	116942		2020-04-10T21:58:37.224998
8	美方威胁吊销中国电信在美经营许可	109523		2020-04-10T21:58:37.225124
9	何猷君辟谣患新冠肺炎	108173		2020-04-10T21:58:37.225250
10	有方舱医院可能成博物馆	93592		2020-04-10T21:58:37.225375
11	海底捞道歉	91611	热	2020-04-10T21:58:37.225498
12	赌城拉斯维加斯变鬼城	73627		2020-04-10T21:58:37.225653
13	人民日报评鲍毓明被查	64538		2020-04-10T21:58:37.225777
14	非洲新一轮蝗灾规模是第一波的20倍	64265		2020-04-10T21:58:37.225901
15	打工是不可能打工的当事人将出狱	64115		2020-04-10T21:58:37.226025
16	郭子凡	64107		2020-04-10T21:58:37.226148
17	美媒曝光美军感染地图	64082		2020-04-10T21:58:37.226271
18	三千鸦杀	64068		2020-04-10T21:58:37.226394
19	歌手	63398		2020-04-10T21:58:37.226517
20	当代女大学生的枕头底下	57171		2020-04-10T21:58:37.226639
21	罗永浩直播	56822		2020-04-10T21:58:37.226762
22	刚结束隔离的援鄂医生再战绥芬河	52653		2020-04-10T21:58:37.226885
23	油漆桶包包	48365	新	2020-04-10T21:58:37.227009
24	钟南山称群体免疫行不通	48347		2020-04-10T21:58:37.227162
25	声入人心男团春风十里	47301		2020-04-10T21:58:37.227285
26	武汉市民拍邻居窗帘两个月	41810		2020-04-10T21:58:37.227409
27	肖战	40229		2020-04-10T21:58:37.227531
28	也门首例新冠肺炎确诊病例	39967		2020-04-10T21:58:37.227654
29	周深 自己按门铃自己听	39955		2020-04-10T21:58:37.227778
30	薇娅直播间	39938		2020-04-10T21:58:37.227902
31	鲍毓明回应性侵养女	39921		2020-04-10T21:58:37.228024
32	当柳絮飘进你衣服后	37636		2020-04-10T21:58:37.228146
33	中国红十字会向梵蒂冈捐赠防护物资	36310		2020-04-10T21:58:37.228284
34	德瑞两国加装铁丝网防止跨国接吻	35987		2020-04-10T21:58:37.228408
35	会踢毽子的人有多强	35548		2020-04-10T21:58:37.228530
36	新疆为防范森林火灾投放1000头牛	35160		2020-04-10T21:58:37.228654
37	美国部分医院因收入骤降临时裁员	34149		2020-04-10T21:58:37.228779
38	随手捡的石头竟是新石器时代石器	31717		2020-04-10T21:58:37.228903
39	李易峰演讲	31316		2020-04-10T21:58:37.229025
40	熙春喜欢官家	30709		2020-04-10T21:58:37.229146
41	律师公开举报视觉中国	28187		2020-04-10T21:58:37.229267
42	鲍毓明	26943		2020-04-10T21:58:37.229388
43	广州一游戏公司员工核酸检测阳性	26831		2020-04-10T21:58:37.229507
44	各年代最受欢迎男团	26358		2020-04-10T21:58:37.229629
45	错把鞋油当护手霜的我	26170		2020-04-10T21:58:37.229751
46	钟南山回应何时开学	25950		2020-04-10T21:58:37.229874
47	我国加工贸易面临双向挤压	24793		2020-04-10T21:58:37.229993
48	魔鬼奶油宽粉	18513		2020-04-10T21:58:37.230115
49	绥芬河现接受物资捐赠及捐款	14160		2020-04-10T21:58:37.230236
50	芬兰大学3D模拟飞沫传播路径	13401		2020-04-10T21:58:37.230358
