排名	关键词	热度	特征	时间
1	意大利确诊病例升至3858例	556448		2020-03-05T23:43:54.300789
2	外交部回应美主持人要中国就疫情道歉	178604		2020-03-05T23:43:54.300855
3	天猫3.8节	165181	荐	2020-03-05T23:43:54.300907
4	意大利皮亚琴察市长确诊	152789		2020-03-05T23:43:54.300970
5	斯黛拉叶东烈在一起	152183		2020-03-05T23:43:54.301024
6	三生三世枕上书大结局	138018		2020-03-05T23:43:54.301077
7	白滚滚上线	119185		2020-03-05T23:43:54.301128
8	塞班找到了	114808		2020-03-05T23:43:54.301178
9	张乘乘戏精	98884		2020-03-05T23:43:54.301228
10	乔布斯遗孀将裸捐250亿美元	86547		2020-03-05T23:43:54.301278
11	武汉3月底有望新增病例基本清零	83002	热	2020-03-05T23:43:54.301330
12	甘肃新增11例境外输入病例	82109		2020-03-05T23:43:54.301393
13	日本签证	76997		2020-03-05T23:43:54.301443
14	草地贪夜蛾已经入侵我国	76640		2020-03-05T23:43:54.301493
15	医生为病人停下欣赏日落	69720		2020-03-05T23:43:54.301543
16	金希澈直播	69620		2020-03-05T23:43:54.301593
17	自制爆米花离世女孩家属起诉邻居	69478		2020-03-05T23:43:54.301641
18	父母说漏嘴的事情	69245		2020-03-05T23:43:54.301692
19	李佳琦	69206		2020-03-05T23:43:54.301741
20	冰块腮红	68957		2020-03-05T23:43:54.301796
21	当时不懂后来才理解的情节	68789		2020-03-05T23:43:54.301846
22	薇娅直播间	68627		2020-03-05T23:43:54.301896
23	小时候特别火的顺口溜	68522		2020-03-05T23:43:54.301944
24	安家向公馆	68442		2020-03-05T23:43:54.301993
25	今年第一个超级月亮3月10日登场	67488		2020-03-05T23:43:54.302043
26	现实中的高级漫画眼	64204		2020-03-05T23:43:54.302092
27	韩国新冠肺炎累计确诊6088例	56735		2020-03-05T23:43:54.302141
28	小罗因使用假护照被捕	54890		2020-03-05T23:43:54.302190
29	花瓣耳饰	51545		2020-03-05T23:43:54.302240
30	陈乔恩艾伦好甜	51146		2020-03-05T23:43:54.302289
31	海拔800米的万亩樱花开了	50267		2020-03-05T23:43:54.302338
32	卵母细胞	50119		2020-03-05T23:43:54.302387
33	你眼中的最美大学	49099		2020-03-05T23:43:54.302436
34	当代辣妈等级表	48130		2020-03-05T23:43:54.302485
35	土耳其议会打起来了	44800		2020-03-05T23:43:54.302534
36	上千游客涌入西湖赏花	44229		2020-03-05T23:43:54.302584
37	喻佳丽结婚	40884		2020-03-05T23:43:54.302634
38	伊朗启动国家动员计划	39340		2020-03-05T23:43:54.302684
39	天鹅北迁途中又返回	38725		2020-03-05T23:43:54.302733
40	徐姑姑好暖	38114		2020-03-05T23:43:54.302782
41	电影式科普病毒如何入侵人体	34219		2020-03-05T23:43:54.302831
42	陈梦瑶 周艺轩粉丝	32618		2020-03-05T23:43:54.302880
43	叶东烈打崔英俊	28919		2020-03-05T23:43:54.302929
44	北京要求每张餐桌只能坐一个人	28662		2020-03-05T23:43:54.302978
45	易烊千玺ins	27714		2020-03-05T23:43:54.303031
46	当队里剩下最后一个女生时	27551		2020-03-05T23:43:54.303084
47	600张照片记录ICU九死一生	27462		2020-03-05T23:43:54.303133
48	网红凉拌鲫鱼	27430		2020-03-05T23:43:54.303181
49	Faker2000杀	21472		2020-03-05T23:43:54.303230
50	开学时间	16744		2020-03-05T23:43:54.303280
