排名	关键词	热度	特征	时间
1	58名主播被列入黑名单	2837626	热	2020-04-07T15:44:51.672698
2	肯尼迪家族又发生悲剧	1895834		2020-04-07T15:44:51.672831
3	胡一天穷垚风	1883899	荐	2020-04-07T15:44:51.672922
4	苏志燮发文	1868708		2020-04-07T15:44:51.673033
5	袁隆平称中国不会出现粮荒	1724055	新	2020-04-07T15:44:51.673135
6	四川凉山州突发山体垮塌	1413568	新	2020-04-07T15:44:51.673258
7	从明天起做一个幸福的人	1346398	热	2020-04-07T15:44:51.673377
8	清平乐	1342862	新	2020-04-07T15:44:51.673495
9	超级月亮	1190277		2020-04-07T15:44:51.673612
10	外交部回应中国排外情绪上升言论	820584		2020-04-07T15:44:51.673704
11	广州已隔离六千余名外籍人员	798235		2020-04-07T15:44:51.673795
12	主播马东道歉	770575	热	2020-04-07T15:44:51.673889
13	夫妻的世界剧情	770056	新	2020-04-07T15:44:51.674005
14	湖北各类学校继续延期开学	769323	新	2020-04-07T15:44:51.674121
15	香港疫情下的婚礼大多延期	768087		2020-04-07T15:44:51.674236
16	英国选美皇后决定重返医生岗位	767185		2020-04-07T15:44:51.674329
17	教室通风时浙江学生上课可不戴口罩	764963		2020-04-07T15:44:51.674423
18	郭老师	764931		2020-04-07T15:44:51.674516
19	情侣之间最忌讳的话题	763313	新	2020-04-07T15:44:51.674610
20	山东大中专院校学生暂不返校	762586	新	2020-04-07T15:44:51.674725
21	冰糖炖雪梨	761559	新	2020-04-07T15:44:51.674840
22	男生对床的占有面积	760458		2020-04-07T15:44:51.674956
23	重庆开学时间	657424	新	2020-04-07T15:44:51.675049
24	法国护士联名裸体抗议	649958		2020-04-07T15:44:51.675163
25	感觉很值钱的头像	592557		2020-04-07T15:44:51.675256
26	安吉拉	582677		2020-04-07T15:44:51.675347
27	无心法师大结局	502103	新	2020-04-07T15:44:51.675440
28	张小波	480069	新	2020-04-07T15:44:51.675554
29	用英语的方式说中文	414624		2020-04-07T15:44:51.675668
30	特朗普与3M公司和解	396199		2020-04-07T15:44:51.675759
31	台上台下反差很大的歌手	394071	新	2020-04-07T15:44:51.675850
32	鹿晗侧颜	392019		2020-04-07T15:44:51.675964
33	为什么国外病死率高于中国病死率	379685		2020-04-07T15:44:51.676056
34	苏志燮婚房	367161		2020-04-07T15:44:51.676148
35	安倍晋三发布紧急事态宣言	356236		2020-04-07T15:44:51.676255
36	赵立坚驳斥抹黑中国援意的英国媒体	352860	新	2020-04-07T15:44:51.676350
37	蒸的不是馒头是钟乳石	308619		2020-04-07T15:44:51.676464
38	吊带西装	307175		2020-04-07T15:44:51.676556
39	清明三天杭州西湖接待76万游客	302299	新	2020-04-07T15:44:51.676646
40	C罗发起卷腹挑战	296102		2020-04-07T15:44:51.676760
41	你好世界确认引进	281128		2020-04-07T15:44:51.676852
42	云南野生动物园钓老虎项目	272915		2020-04-07T15:44:51.676942
43	日本影视作品将减少吻戏	262076		2020-04-07T15:44:51.677032
44	哪个角色的死最让你意难平	230047	新	2020-04-07T15:44:51.677121
45	米桶被猫当猫砂盆用	222065	新	2020-04-07T15:44:51.677235
46	无接触快递架死件越来越多	215059		2020-04-07T15:44:51.677350
47	你镜头下的超级月亮	209352	新	2020-04-07T15:44:51.677442
48	黑糖啵啵舒芙蕾	207862		2020-04-07T15:44:51.677550
49	FPX九连胜	204551	新	2020-04-07T15:44:51.677635
50	如果岁月可回头预告 林响	184535	新	2020-04-07T15:44:51.677737
