排名	关键词	热度	特征	时间
1	钟南山说不能靠所谓集体免疫解决问题	3535441	新	2020-03-18T10:46:50.096268
2	塞尔维亚总统发文感谢中国援助	2337581	新	2020-03-18T10:46:50.096451
3	关爱医护	2251144	荐	2020-03-18T10:46:50.096605
4	武汉一般企业不早于3月20日24时复工	1944682	新	2020-03-18T10:46:50.096751
5	张萌道歉	1592516	热	2020-03-18T10:46:50.096894
6	钟南山建议对输入病例采用核酸检测	1581093	新	2020-03-18T10:46:50.097033
7	无理打压中国媒体美方损失更大	1490514	新	2020-03-18T10:46:50.097170
8	首都机场回应北京不再接受国际航班	1266822		2020-03-18T10:46:50.097308
9	一次性医用口罩累计使用不超过8小时	950833		2020-03-18T10:46:50.097420
10	吃瓜吃到自己的犯罪嫌疑人	883850		2020-03-18T10:46:50.097533
11	多地明确开学时间	869415	新	2020-03-18T10:46:50.097642
12	疫情对2月消费冲击最大	753429		2020-03-18T10:46:50.097787
13	疫情已扩散到159个国家和地区	731650		2020-03-18T10:46:50.097898
14	四川包家务丈夫回应承诺	619747		2020-03-18T10:46:50.098007
15	西班牙男子穿魔暴龙服倒垃圾被警告	619530		2020-03-18T10:46:50.098115
16	黑龙江虎林三个太阳	619514		2020-03-18T10:46:50.098225
17	红楼梦盲盒	619108		2020-03-18T10:46:50.098352
18	美籍华人演奏家发表不当言论被解聘	618894		2020-03-18T10:46:50.098479
19	易烊千玺输给了铅笔裤	618768		2020-03-18T10:46:50.098604
20	钟南山叮嘱支援海外医护人员做好防护	618557	新	2020-03-18T10:46:50.098729
21	王者荣耀被注册成酒商标	618333		2020-03-18T10:46:50.098888
22	北京大风	618163	新	2020-03-18T10:46:50.099011
23	具荷拉哥哥请愿	579503		2020-03-18T10:46:50.099166
24	煎饺手机壳	521175		2020-03-18T10:46:50.099289
25	金宇彬	518404		2020-03-18T10:46:50.099412
26	见到双枪交警有点不适应	430301		2020-03-18T10:46:50.099534
27	男朋友做的专属发夹	424696		2020-03-18T10:46:50.099657
28	英女子违反酒店隔离规定游泳	406371		2020-03-18T10:46:50.099779
29	A股	405981		2020-03-18T10:46:50.099901
30	美国计划两周内对美国民众直接发现金	395490		2020-03-18T10:46:50.100024
31	美国疫苗	354215	新	2020-03-18T10:46:50.100144
32	自制牛奶螺蛳粉	347850		2020-03-18T10:46:50.100310
33	全国3714家A级景区已恢复开放	328947	新	2020-03-18T10:46:50.100431
34	小时候的自己有多时尚	327858	新	2020-03-18T10:46:50.100585
35	金宇彬方辟谣确诊新冠肺炎	323933		2020-03-18T10:46:50.100729
36	钟南山参加广州疫情防控发布会	307715		2020-03-18T10:46:50.100842
37	最高人民检察院依法对张琦决定逮捕	298180	新	2020-03-18T10:46:50.100952
38	素描大衣	295914	新	2020-03-18T10:46:50.101088
39	刘雨欣	280346		2020-03-18T10:46:50.101222
40	我吃火锅时的状态	268163		2020-03-18T10:46:50.101330
41	首尔向中低收入家庭发灾难生活费	265031		2020-03-18T10:46:50.101438
42	塞尔维亚驻华大使馆开微博	257992	新	2020-03-18T10:46:50.101545
43	本世纪已产生三次冠状病毒的事件	255864	新	2020-03-18T10:46:50.101680
44	巴菲特谈国际油价暴跌	255794	新	2020-03-18T10:46:50.101817
45	美国政府计划称疫情或持续18个月以上	243274	新	2020-03-18T10:46:50.101951
46	一个人如何秀恩爱	237025	新	2020-03-18T10:46:50.102096
47	运动员拒绝参加东京奥运体操测试赛	235215	新	2020-03-18T10:46:50.102248
48	青春有你2主题曲	234789		2020-03-18T10:46:50.102400
49	藤间斋	233808		2020-03-18T10:46:50.102522
50	戴口罩专用发型	228557		2020-03-18T10:46:50.102642
