排名	关键词	热度	特征	时间
1	双黄连可抑制新型冠状病毒	708305	沸	2020-01-31T22:45:53.178856
2	湖北回应红十字会物资供应问题	295932	沸	2020-01-31T22:45:53.178993
3	最新疫情地图	242255	沸	2020-01-31T22:45:53.179106
4	倪妮给王鸥推荐什么生发液	232404		2020-01-31T22:45:53.179216
5	武汉协和医院收到急需物资	206588	沸	2020-01-31T22:45:53.179303
6	武汉市委书记回应协和医院缺不缺物资	196342	沸	2020-01-31T22:45:53.179409
7	意大利宣布进入国家紧急状态	175763	沸	2020-01-31T22:45:53.179515
8	每天刷微博的心情	160270	沸	2020-01-31T22:45:53.179621
9	美众议院通过议案限制总统对伊朗动武	138492		2020-01-31T22:45:53.179725
10	责成慈善机构每3天发布一次受捐情况	113600		2020-01-31T22:45:53.179811
11	澳大利亚首都宣布进入紧急状态	92519		2020-01-31T22:45:53.179899
12	武汉共收到社会捐款25.86亿元	81584		2020-01-31T22:45:53.179982
13	白岩松对话湖北省委副书记	75736		2020-01-31T22:45:53.180065
14	武汉蔬菜存量3.44万吨	75529		2020-01-31T22:45:53.180148
15	武汉金银潭医院20名患者集体出院	75324		2020-01-31T22:45:53.180250
16	赵海山	75120		2020-01-31T22:45:53.180337
17	温州肺炎疫情	74813		2020-01-31T22:45:53.180423
18	三生三世枕上书白浅预告	74591		2020-01-31T22:45:53.180506
19	贺繁星人设	74530		2020-01-31T22:45:53.180590
20	林生斌	65551		2020-01-31T22:45:53.180671
21	蒋梦婕爸爸观点	65344		2020-01-31T22:45:53.180753
22	刘亦菲骑马动作戏	61292		2020-01-31T22:45:53.180835
23	学校的便宜一点都别想占	60189		2020-01-31T22:45:53.180917
24	网易严选又崩了	59969		2020-01-31T22:45:53.181002
25	林允 可爱	59789		2020-01-31T22:45:53.181089
26	日本多地驰援中国	53909		2020-01-31T22:45:53.181174
27	杭州红十字会	49250		2020-01-31T22:45:53.181255
28	重庆发布报菜名	46950		2020-01-31T22:45:53.181337
29	叶鹿鸣 好笑	46547		2020-01-31T22:45:53.181419
30	吴佩慈四胎生女	42324		2020-01-31T22:45:53.181500
31	火神山2月3日可收治病人	35734		2020-01-31T22:45:53.181582
32	温州开学时间	33022		2020-01-31T22:45:53.181666
33	仁爱医院院长回应口罩使用情况	32711		2020-01-31T22:45:53.181749
34	治愈患者有再感染风险	32286		2020-01-31T22:45:53.181833
35	主持人直播咳嗽	32064		2020-01-31T22:45:53.181918
36	矢野浩二捐赠13万个口罩	30445		2020-01-31T22:45:53.182000
37	韩国人隔离处居民抗议	29939		2020-01-31T22:45:53.182082
38	韩红	28661		2020-01-31T22:45:53.182163
39	孩子对着新闻联播喊爸爸	26961		2020-01-31T22:45:53.182247
40	这几天刷微博的我	26802		2020-01-31T22:45:53.182331
41	终于把爸爸憋疯了	24790		2020-01-31T22:45:53.182416
42	湖北将适当延长春节假期	21761		2020-01-31T22:45:53.182499
43	6万余名医务工作者奋战武汉	21738		2020-01-31T22:45:53.182581
44	我国过去一周进口5622.8万个口罩	20740		2020-01-31T22:45:53.182663
45	俄罗斯确诊2例新型肺炎	20592		2020-01-31T22:45:53.182747
46	在家的你有多谨慎	20381		2020-01-31T22:45:53.182832
47	广州房地产租赁协会倡议减租	18825		2020-01-31T22:45:53.182917
48	蒂姆 兹维列夫	17687		2020-01-31T22:45:53.182999
49	蒂姆首进澳网决赛	17507		2020-01-31T22:45:53.183080
50	环卫大爷派出所捐12000元转身就走	17503		2020-01-31T22:45:53.183163
