排名	关键词	热度	特征	时间
1	张柏芝	601796		2020-03-10T23:49:48.834966
2	6人入境瞒报相继确诊被立案	292931		2020-03-10T23:49:48.835117
3	NEX 3S	292123	荐	2020-03-10T23:49:48.835262
4	邦尼妈妈	291894		2020-03-10T23:49:48.835425
5	泉州坍塌酒店发现大量现金	286002		2020-03-10T23:49:48.835552
6	吴尊老婆露脸的原因	209093	热	2020-03-10T23:49:48.835685
7	网恋的新名词	206136		2020-03-10T23:49:48.835840
8	斯黛拉不吃小龙虾	183342		2020-03-10T23:49:48.835964
9	贝佐斯一天损失70亿美元	165322		2020-03-10T23:49:48.836093
10	德国接收希土边界难民儿童	165120		2020-03-10T23:49:48.836233
11	具荷拉生前亲笔信	165067		2020-03-10T23:49:48.836359
12	有种演技叫改头换面	151765		2020-03-10T23:49:48.836480
13	曲玲珑 徐姑姑	150238		2020-03-10T23:49:48.836600
14	重庆应急响应调整为二级	99054		2020-03-10T23:49:48.836723
15	伊朗西南部发生假酒中毒事件	87458		2020-03-10T23:49:48.836848
16	安家	87444		2020-03-10T23:49:48.836969
17	现在的年轻老师有多可爱	87260		2020-03-10T23:49:48.837089
18	女明星吃饭和我吃饭的区别	87084		2020-03-10T23:49:48.837206
19	广州拍出史上最高单价地块	86843		2020-03-10T23:49:48.837317
20	美股	86718		2020-03-10T23:49:48.837426
21	留下童年阴影的影视角色	83487		2020-03-10T23:49:48.837535
22	瓜哥 九八五	82674		2020-03-10T23:49:48.837643
23	里皮	82666		2020-03-10T23:49:48.837750
24	山西发掘一晋国晚期高等级大墓	79467		2020-03-10T23:49:48.837857
25	将恋爱进行到底	75975		2020-03-10T23:49:48.837965
26	日本3月15日起禁止倒卖口罩	75905		2020-03-10T23:49:48.838073
27	意大利式疫情小喇叭开播	75018		2020-03-10T23:49:48.838182
28	和奶茶最搭的甜品	65990		2020-03-10T23:49:48.838289
29	泉州酒店搜救犬贝贝四肢感染	60898		2020-03-10T23:49:48.838396
30	白宫称特朗普尚未接受新冠病毒检测	59682		2020-03-10T23:49:48.838503
31	三只极危鸟类青头潜鸭现身云南	59623		2020-03-10T23:49:48.838611
32	新闻联播	57760		2020-03-10T23:49:48.838719
33	周杰伦戴脏脏辫假发	55270		2020-03-10T23:49:48.838826
34	拳手拒绝为殴打朴宰范道歉	53586		2020-03-10T23:49:48.838933
35	意大利监狱暴动已有20人越狱	52063		2020-03-10T23:49:48.839040
36	安家爷叔	51189		2020-03-10T23:49:48.839149
37	曾经拒绝现在真香的食物	44768		2020-03-10T23:49:48.839256
38	上海等6省市经历最暖冬季	42890		2020-03-10T23:49:48.839363
39	超级月亮	42469		2020-03-10T23:49:48.839470
40	支援湖北护士给儿子取名李援鄂	40036		2020-03-10T23:49:48.839577
41	错峰起床	38639		2020-03-10T23:49:48.839687
42	炎亚纶 飞轮海私下不会联络	36345		2020-03-10T23:49:48.839794
43	当父母熟练使用表情包后	33056		2020-03-10T23:49:48.839902
44	悲伤他追上我了	30286		2020-03-10T23:49:48.840009
45	承诺包一年家务的蒋昊峻	28988		2020-03-10T23:49:48.840117
46	我和别的女孩的区别	24869		2020-03-10T23:49:48.840241
47	王者荣耀安卓iOS互通	23048		2020-03-10T23:49:48.840353
48	武汉江汉方舱医院院长感谢战友	22784		2020-03-10T23:49:48.840464
49	西班牙体育赛事均改为闭门举行	21891		2020-03-10T23:49:48.840572
50	钉钉回应崩了	16071		2020-03-10T23:49:48.840681
