排名	关键词	热度	特征	时间
1	白岩松谈武汉来京女子确诊新冠肺炎	282006	沸	2020-02-26T21:57:40.171484
2	中国境外新增新冠肺炎病例超过中国境内	225542		2020-02-26T21:57:40.171567
3	莎拉波娃退役	200319	沸	2020-02-26T21:57:40.171623
4	孙俪妹妹	180079		2020-02-26T21:57:40.171688
5	完美关系	127923	沸	2020-02-26T21:57:40.171742
6	斯黛拉 年下恋	100318		2020-02-26T21:57:40.171806
7	安家	96572	沸	2020-02-26T21:57:40.171859
8	湖北404名民辅警感染新冠肺炎	75112		2020-02-26T21:57:40.171923
9	马云再次登顶中国首富	72523	沸	2020-02-26T21:57:40.171977
10	刘亦菲腹肌	57400	沸	2020-02-26T21:57:40.172040
11	湖北司法厅回应武汉回京黄女士事件	55198		2020-02-26T21:57:40.172102
12	以色列科学家称发现首个不呼吸动物	42402		2020-02-26T21:57:40.172154
13	湖北及援鄂一线医务子女考上武大奖1万元	41798		2020-02-26T21:57:40.172233
14	日本未来两周暂停大型活动	41002		2020-02-26T21:57:40.172289
15	黄冈要求怀孕医护人员在家休息	40428		2020-02-26T21:57:40.172340
16	王思聪 泰国	40422		2020-02-26T21:57:40.172391
17	这真不是男朋友技术问题	40418		2020-02-26T21:57:40.172442
18	闭关在家要认清的一个事实	40411		2020-02-26T21:57:40.172493
19	张乘乘	40407		2020-02-26T21:57:40.172543
20	半藏森林	40395	热	2020-02-26T21:57:40.172593
21	房似锦扶徐姑姑上厕所	40388		2020-02-26T21:57:40.172655
22	20来岁的真实状态	40386		2020-02-26T21:57:40.172705
23	深坑国际公寓	40379		2020-02-26T21:57:40.172755
24	原相机自拍大赛	38557		2020-02-26T21:57:40.172805
25	钻石公主号确诊新冠肺炎达705人	37445		2020-02-26T21:57:40.172854
26	首次戴隐形眼镜的你	35408		2020-02-26T21:57:40.172905
27	华中农大倡议学生就地下田	32732		2020-02-26T21:57:40.172955
28	境外团队游客从25万降至不到90人	32018		2020-02-26T21:57:40.173006
29	棉花糖做成了蜘蛛网	31541		2020-02-26T21:57:40.173057
30	新冠肺炎致伊朗19人死亡	30006		2020-02-26T21:57:40.173106
31	苹果建议不要滑动关闭后台程序	29500		2020-02-26T21:57:40.173156
32	疫情结束后的计划清单	27910		2020-02-26T21:57:40.173206
33	希腊出现首例新冠病毒确诊病例	27589		2020-02-26T21:57:40.173265
34	建议开学后教师戴口罩授课	27586		2020-02-26T21:57:40.173314
35	和女朋友在一起的不同阶段	27584		2020-02-26T21:57:40.173362
36	戴口罩后才发现的事实	27139		2020-02-26T21:57:40.173436
37	炖鸡	23423		2020-02-26T21:57:40.173484
38	对鞋底快递外卖包装消毒属过度消毒	23211		2020-02-26T21:57:40.173543
39	武汉最早新冠肺炎患者详情	21839		2020-02-26T21:57:40.173593
40	我国医用N95口罩日产能突破100万只	20752		2020-02-26T21:57:40.173642
41	韩国仁川飞山东威海航班5名乘客发热	20578		2020-02-26T21:57:40.173693
42	消毒剂正确使用方法	20381		2020-02-26T21:57:40.173740
43	明星直播神反应	20256		2020-02-26T21:57:40.173785
44	护士小姐姐熊抱抢镜	19884		2020-02-26T21:57:40.173830
45	韩国SK电讯总部紧急关闭	18795		2020-02-26T21:57:40.173875
46	关于口罩10个最新问题	18542		2020-02-26T21:57:40.173927
47	高伟光翻牌	18416		2020-02-26T21:57:40.173988
48	柏林电影节灵气美少女	17736		2020-02-26T21:57:40.174039
49	疫情期间4种疫苗需及时接种	17210		2020-02-26T21:57:40.174090
50	基金	12230		2020-02-26T21:57:40.174141
