排名	关键词	热度	特征	时间
1	被梅姨拐卖15年的孩子找到了	223666		2020-03-06T22:41:56.154548
2	郑爽俞灏明拥抱	183954		2020-03-06T22:41:56.154627
3	3月上上签打卡	144286	荐	2020-03-06T22:41:56.154686
4	沈腾无脸男太好笑了	114361		2020-03-06T22:41:56.154753
5	全球确诊病例已达10万例	94620		2020-03-06T22:41:56.154808
6	斯黛拉叶东烈接吻	89654		2020-03-06T22:41:56.154862
7	甘肃新增17例境外输入新冠肺炎	80890		2020-03-06T22:41:56.154909
8	郑爽关晓彤冰雪奇缘	77052		2020-03-06T22:41:56.154957
9	东京奥组委取消圣火仪式上的学生表演	76885		2020-03-06T22:41:56.155003
10	至尊公主号开始新冠病毒测试	63150		2020-03-06T22:41:56.155050
11	庆余年拍动画	62558		2020-03-06T22:41:56.155097
12	安家	57087		2020-03-06T22:41:56.155143
13	美股大跌	48696		2020-03-06T22:41:56.155193
14	八旬奶奶治愈出院下跪致谢	47289	热	2020-03-06T22:41:56.155243
15	华晨宇cos哪吒	45569		2020-03-06T22:41:56.155306
16	戴自更被双开	42356		2020-03-06T22:41:56.155356
17	王牌对王牌	39083		2020-03-06T22:41:56.155407
18	宋威龙来薇娅直播间	38955		2020-03-06T22:41:56.155458
19	大学生发明金钟叉防共餐交叉感染	38483		2020-03-06T22:41:56.155508
20	愿你被这个世界温柔以待	37944	热	2020-03-06T22:41:56.155559
21	江达琳谭新凯分手	37229		2020-03-06T22:41:56.155629
22	李佳琦	37223		2020-03-06T22:41:56.155678
23	房似锦被跳单	36561		2020-03-06T22:41:56.155730
24	中央指导组回应武汉居民大喊假的假的	36347		2020-03-06T22:41:56.155782
25	突尼斯美国使馆附近发生爆炸袭击	31050		2020-03-06T22:41:56.155833
26	全国发放112亿元稳岗返还补贴	30510		2020-03-06T22:41:56.155884
27	林更新同人文	29405		2020-03-06T22:41:56.155938
28	洛杉矶马拉松约27000人参赛	27330		2020-03-06T22:41:56.155988
29	花木兰新歌	27199		2020-03-06T22:41:56.156038
30	女生发完自拍后的心路历程	25168		2020-03-06T22:41:56.156088
31	南医大奸杀案嫌犯被批捕	24652		2020-03-06T22:41:56.156138
32	华晨宇 我们	24633		2020-03-06T22:41:56.156198
33	歌手	24604		2020-03-06T22:41:56.156250
34	韩国71.7%确诊病例属集体感染	24564		2020-03-06T22:41:56.156301
35	9岁女孩 我替武汉谢谢你们	23998		2020-03-06T22:41:56.156351
36	安家 倪海棠	23463		2020-03-06T22:41:56.156402
37	如何回答亲戚让你换头像	22600		2020-03-06T22:41:56.156452
38	OPPO	22367		2020-03-06T22:41:56.156501
39	厦门到底有多美	21643		2020-03-06T22:41:56.156552
40	李冰冰方律师声明	20588		2020-03-06T22:41:56.156602
41	手工建造寄生虫别墅	20440		2020-03-06T22:41:56.156651
42	医院辟谣刘真去世	19813		2020-03-06T22:41:56.156707
43	哆啦A梦原本不是蓝色	19526		2020-03-06T22:41:56.156757
44	养老金不仅能保当前也能保长远	18298		2020-03-06T22:41:56.156807
45	武汉距离逐步解除疫情防控限制不会太远	18192		2020-03-06T22:41:56.156857
46	学校如果再不开学	17943		2020-03-06T22:41:56.156907
47	武大樱花将进入盛开期	17827		2020-03-06T22:41:56.156957
48	星期六	17360		2020-03-06T22:41:56.157007
49	五花肉卫衣	14703		2020-03-06T22:41:56.157057
50	马云为伊朗筹集到100万只口罩	14345		2020-03-06T22:41:56.157106
