排名	关键词	热度	特征	时间
1	鲍毓明养女发声	731835	热	2020-04-10T20:42:53.134175
2	阚清子帮董力剪头发	392605		2020-04-10T20:42:53.134346
3	JonyJ女儿正面照	371598	热	2020-04-10T20:42:53.134476
4	姐姐来了	370523		2020-04-10T20:42:53.134610
5	韩红	368024		2020-04-10T20:42:53.134714
6	王源最爱鸳鸯锅	340322	荐	2020-04-10T20:42:53.134817
7	PDD暂停直播	340322		2020-04-10T20:42:53.134954
8	王牌对王牌	252488		2020-04-10T20:42:53.135071
9	美方威胁吊销中国电信在美经营许可	236098		2020-04-10T20:42:53.135186
10	何猷君辟谣患新冠肺炎	222535		2020-04-10T20:42:53.135301
11	海底捞道歉	185038	热	2020-04-10T20:42:53.135416
12	有方舱医院可能成博物馆	178713		2020-04-10T20:42:53.135560
13	赌城拉斯维加斯变鬼城	150955		2020-04-10T20:42:53.135673
14	打工是不可能打工的当事人将出狱	134309		2020-04-10T20:42:53.135785
15	人民日报评鲍毓明被查	126230		2020-04-10T20:42:53.135900
16	非洲新一轮蝗灾规模是第一波的20倍	125736		2020-04-10T20:42:53.136014
17	郭子凡	125669		2020-04-10T20:42:53.136129
18	当代女大学生的枕头底下	124186		2020-04-10T20:42:53.136266
19	美媒曝光美军感染地图	122730		2020-04-10T20:42:53.136378
20	歌手	122064		2020-04-10T20:42:53.136484
21	三千鸦杀	121700		2020-04-10T20:42:53.136589
22	武汉市民拍邻居窗帘两个月	110064		2020-04-10T20:42:53.136692
23	罗永浩直播	107274		2020-04-10T20:42:53.136763
24	律师公开举报视觉中国	96248		2020-04-10T20:42:53.136835
25	李易峰演讲	95490		2020-04-10T20:42:53.136906
26	钟南山称群体免疫行不通	93881		2020-04-10T20:42:53.136977
27	薇娅直播间	93218		2020-04-10T20:42:53.137049
28	当柳絮飘进你衣服后	83600		2020-04-10T20:42:53.137120
29	也门首例新冠肺炎确诊病例	78692		2020-04-10T20:42:53.137191
30	周深 自己按门铃自己听	78415		2020-04-10T20:42:53.137262
31	随手捡的石头竟是新石器时代石器	76750		2020-04-10T20:42:53.137334
32	声入人心男团春风十里	75044		2020-04-10T20:42:53.137406
33	鲍毓明回应性侵养女	73440		2020-04-10T20:42:53.137476
34	中国红十字会向梵蒂冈捐赠防护物资	72229		2020-04-10T20:42:53.137545
35	会踢毽子的人有多强	72216		2020-04-10T20:42:53.137616
36	肖战	68684		2020-04-10T20:42:53.137688
37	新疆为防范森林火灾投放1000头牛	59937		2020-04-10T20:42:53.137759
38	美国部分医院因收入骤降临时裁员	58618		2020-04-10T20:42:53.137830
39	错把鞋油当护手霜的我	57693		2020-04-10T20:42:53.137901
40	刚结束隔离的援鄂医生再战绥芬河	57586		2020-04-10T20:42:53.137971
41	广州一游戏公司员工核酸检测阳性	55998		2020-04-10T20:42:53.138041
42	德瑞两国加装铁丝网防止跨国接吻	54647		2020-04-10T20:42:53.138111
43	钟南山回应何时开学	49827		2020-04-10T20:42:53.138181
44	各年代最受欢迎男团	48964		2020-04-10T20:42:53.138251
45	油漆桶包包	45904	新	2020-04-10T20:42:53.138321
46	我国加工贸易面临双向挤压	44619		2020-04-10T20:42:53.138409
47	鲍毓明	44039		2020-04-10T20:42:53.138480
48	魔鬼奶油宽粉	42634		2020-04-10T20:42:53.138549
49	山西大学800余名毕业生返校	39713		2020-04-10T20:42:53.138619
50	花千骨电影版立项	30200		2020-04-10T20:42:53.138689
