排名	关键词	热度	特征	时间
1	JonyJ女儿正面照	4799135	新	2020-04-10T14:43:52.303145
2	海底捞道歉	2690699	热	2020-04-10T14:43:52.303277
3	直播空投送弗礼	2664028	荐	2020-04-10T14:43:52.303389
4	美方威胁吊销中国电信在美经营许可	2569463	新	2020-04-10T14:43:52.303495
5	打工是不可能打工的当事人将出狱	1548804	新	2020-04-10T14:43:52.303603
6	武汉市民拍邻居窗帘两个月	1398215		2020-04-10T14:43:52.303709
7	鲍毓明回应性侵养女	1116848	热	2020-04-10T14:43:52.303794
8	新加坡不准家长每天送孩子到祖父母家	918077		2020-04-10T14:43:52.303897
9	武大本科毕业生线上答辩	884449		2020-04-10T14:43:52.303982
10	人民日报评鲍毓明被查	864827		2020-04-10T14:43:52.304074
11	疫情已扩散至全球211个国家和地区	843007	新	2020-04-10T14:43:52.304169
12	钟南山回应何时开学	673204		2020-04-10T14:43:52.304305
13	广州一游戏公司员工核酸检测阳性	646243		2020-04-10T14:43:52.304398
14	钟南山谈何时可以动	622229		2020-04-10T14:43:52.304491
15	律师公开举报视觉中国	615372		2020-04-10T14:43:52.304583
16	将11万口罩伪装成铁丝欲出口	611177		2020-04-10T14:43:52.304674
17	随手捡的石头竟是新石器时代石器	610545	新	2020-04-10T14:43:52.304766
18	各年代最受欢迎男团	607869		2020-04-10T14:43:52.304880
19	肖战	568156		2020-04-10T14:43:52.304971
20	歌手	562275	新	2020-04-10T14:43:52.305062
21	花千骨电影版立项	509324		2020-04-10T14:43:52.305176
22	当代女大学生的枕头底下	493182	新	2020-04-10T14:43:52.305267
23	中央明确允许快递员进社区配送	484346		2020-04-10T14:43:52.305382
24	女生的发量是你想象不到的	423139		2020-04-10T14:43:52.305474
25	趁猫不注意弄乱它舔好的毛	414311		2020-04-10T14:43:52.305564
26	魔鬼奶油宽粉	372937		2020-04-10T14:43:52.305656
27	江西新余回应2.5天弹性假不得居家	369142	新	2020-04-10T14:43:52.305747
28	当你连错了蓝牙音箱	327462		2020-04-10T14:43:52.305861
29	中国红十字会向梵蒂冈捐赠防护物资	320350		2020-04-10T14:43:52.305952
30	法国戴高乐航母出现50例新冠病例	314140	新	2020-04-10T14:43:52.306042
31	鲍毓明被西南政法大学解聘	308277		2020-04-10T14:43:52.306156
32	杨洋侧颜	300680		2020-04-10T14:43:52.306247
33	京冀鲁豫4月下雪了	297460		2020-04-10T14:43:52.306339
34	全美已完成200万次病毒检测	279309		2020-04-10T14:43:52.306430
35	西安交大落樱铺满樱花大道	273112	新	2020-04-10T14:43:52.306521
36	武汉武昌悬赏寻找无症状感染者	270691	新	2020-04-10T14:43:52.306636
37	虞书欣工作室否认退赛	258433		2020-04-10T14:43:52.306751
38	郑州下雪	252969		2020-04-10T14:43:52.306841
39	广州一持湖北绿码者被筛查确诊	249167		2020-04-10T14:43:52.306932
40	央行谈房地产三稳目标	249086	新	2020-04-10T14:43:52.307024
41	海关再破穿山甲鳞片走私案	248171	新	2020-04-10T14:43:52.307138
42	商务部组织投放19700吨中央储备猪肉	246712	新	2020-04-10T14:43:52.307254
43	6万多亩蒙古扁桃在沙漠绽放	245925	新	2020-04-10T14:43:52.307367
44	因为好心办过的蠢事	245027	新	2020-04-10T14:43:52.307480
45	李易峰演讲	244305	新	2020-04-10T14:43:52.307594
46	波音拟裁员10%	243017	新	2020-04-10T14:43:52.307707
47	罗永浩直播	242214	新	2020-04-10T14:43:52.307821
48	云朵彩虹美甲	241614	新	2020-04-10T14:43:52.307933
49	参加网课的学生达11.8亿人次	241055	新	2020-04-10T14:43:52.308046
50	你手机内存会满的原因	238552		2020-04-10T14:43:52.308160
