排名	关键词	热度	特征	时间
1	强行要求所有教师录播课程必须制止	756737	沸	2020-02-11T23:47:51.418052
2	中央指导组约谈武汉副市长幕后	386363	沸	2020-02-11T23:47:51.418131
3	黄冈全面排查发现发热病人13000人	344817	沸	2020-02-11T23:47:51.418196
4	世界卫生组织命名新冠状病毒	300088		2020-02-11T23:47:51.418259
5	不得强行要求学生每天上网打卡	267623	沸	2020-02-11T23:47:51.418310
6	最新疫情地图	236363		2020-02-11T23:47:51.418369
7	英语四六级成绩发布时间	216884	沸	2020-02-11T23:47:51.418418
8	中药在疾病早期介入成效明显	164209		2020-02-11T23:47:51.418479
9	王者荣耀服务器	148667		2020-02-11T23:47:51.418528
10	贺繁星元宋互怼	96196		2020-02-11T23:47:51.418575
11	NASA立扫把挑战	83543		2020-02-11T23:47:51.418623
12	铁林黑化	82787		2020-02-11T23:47:51.418670
13	钟南山称峰值应在二月中下旬	81174	热	2020-02-11T23:47:51.418717
14	爱情公寓5大结局	74137		2020-02-11T23:47:51.418792
15	李兰娟团队救治模式初显成效	65643		2020-02-11T23:47:51.418876
16	大型网课翻车现场	65631		2020-02-11T23:47:51.418961
17	辽宁葫芦岛一企业发生爆炸	65439		2020-02-11T23:47:51.419016
18	宝应	65277		2020-02-11T23:47:51.419064
19	下一站是幸福	65041		2020-02-11T23:47:51.419111
20	宁可床等人不要人等床	65002		2020-02-11T23:47:51.419158
21	上海警方查明武汉男子搭车来沪	62216		2020-02-11T23:47:51.419204
22	小耳朵豪横	61330		2020-02-11T23:47:51.419250
23	入沪通道首现后备箱藏人	53191		2020-02-11T23:47:51.419297
24	宅在家里很焦虑怎么办	49075		2020-02-11T23:47:51.419342
25	巴西发现神秘病毒	47214		2020-02-11T23:47:51.419388
26	警方20天收缴野生动物3.8万只	46422		2020-02-11T23:47:51.419434
27	地心引力	45873		2020-02-11T23:47:51.419481
28	立鸡蛋	41212		2020-02-11T23:47:51.419526
29	中央指导组对武汉疫情防控问题紧急约谈	39514		2020-02-11T23:47:51.419572
30	十七月的黑牙	38805		2020-02-11T23:47:51.419624
31	黄冈疫情前期存量全部检测完毕	35528		2020-02-11T23:47:51.419704
32	寄生虫海报设计	34003		2020-02-11T23:47:51.419789
33	张鲁一演技	33810		2020-02-11T23:47:51.419856
34	企业复工要为职工配发口罩	33725		2020-02-11T23:47:51.419904
35	韩国大邱将建造奉俊昊街	33650		2020-02-11T23:47:51.419951
36	江苏援黄石医疗支援队出征	30779		2020-02-11T23:47:51.419997
37	想见你团队声明	29825		2020-02-11T23:47:51.420042
38	开电梯的N种方法	28516		2020-02-11T23:47:51.420087
39	武汉疑似病人存量加速消化	27337		2020-02-11T23:47:51.420132
40	宁夏治愈率41.5%	25937		2020-02-11T23:47:51.420188
41	朴灿烈直播	25410		2020-02-11T23:47:51.420239
42	歌手延后录制	24436		2020-02-11T23:47:51.420286
43	疫情期间妈妈说过最多的话	23533		2020-02-11T23:47:51.420336
44	湖北全省小区实行封闭式管理	22868		2020-02-11T23:47:51.420387
45	电饭煲蛋糕	22211		2020-02-11T23:47:51.420439
46	宅家的真实写照	21460		2020-02-11T23:47:51.420489
47	出门第一顿吃什么	20585		2020-02-11T23:47:51.420538
48	上古密约剪辑	20441		2020-02-11T23:47:51.420588
49	普通人口罩可重复使用	18844		2020-02-11T23:47:51.420638
50	假期游戏日常	13709		2020-02-11T23:47:51.420698
