排名	关键词	热度	特征	时间
1	马云再次登顶中国首富	3032250	新	2020-02-26T13:45:52.044563
2	我国医用N95口罩日产能突破100万只	2065963	热	2020-02-26T13:45:52.044638
3	日本未来两周暂停大型活动	1791452	新	2020-02-26T13:45:52.044700
4	刘亦菲腹肌	1478120	沸	2020-02-26T13:45:52.044764
5	荆门市委书记市长被予以诫勉	1069153	新	2020-02-26T13:45:52.044821
6	SNH48女生的神仙友情	1054209	荐	2020-02-26T13:45:52.044879
7	武汉最早新冠肺炎患者详情	981245		2020-02-26T13:45:52.044945
8	疫情期间4种疫苗需及时接种	878017	新	2020-02-26T13:45:52.044992
9	希腊出现首例新冠病毒确诊病例	700021	新	2020-02-26T13:45:52.045049
10	伍佰 不用自己唱的演唱会	570584	沸	2020-02-26T13:45:52.045106
11	境外团队游客从25万降至不到90人	569672		2020-02-26T13:45:52.045169
12	武汉一天外卖13万单	560330	热	2020-02-26T13:45:52.045222
13	韩国仁川飞山东威海航班5名乘客发热	515316		2020-02-26T13:45:52.045279
14	体育总局局长点名表扬女足	513903	新	2020-02-26T13:45:52.045324
15	韩国SK电讯总部紧急关闭	512457	新	2020-02-26T13:45:52.045388
16	韩国通过新冠肺炎三法	510684		2020-02-26T13:45:52.045442
17	半藏森林	509680	热	2020-02-26T13:45:52.045487
18	对鞋底快递外卖包装消毒属过度消毒	507442	新	2020-02-26T13:45:52.045542
19	和女朋友在一起的不同阶段	506144		2020-02-26T13:45:52.045598
20	炖鸡	504583	新	2020-02-26T13:45:52.045643
21	被骗过最惨的一次经历	503393	新	2020-02-26T13:45:52.045698
22	安家	501264	新	2020-02-26T13:45:52.045755
23	戴口罩后才发现的事实	501005		2020-02-26T13:45:52.045809
24	苹果建议不要滑动关闭后台程序	498927	热	2020-02-26T13:45:52.045854
25	高伟光翻牌	470332		2020-02-26T13:45:52.045910
26	广东人的亲切称呼体	468633		2020-02-26T13:45:52.045955
27	以色列科学家称发现首个不呼吸动物	401752		2020-02-26T13:45:52.045998
28	当老师上网课睡过了头	354745		2020-02-26T13:45:52.046043
29	爆浆披萨	328291		2020-02-26T13:45:52.046089
30	明星直播神反应	309274		2020-02-26T13:45:52.046133
31	湖北大学又一批学生公寓被征用	307951		2020-02-26T13:45:52.046177
32	柏林电影节灵气美少女	297935		2020-02-26T13:45:52.046221
33	疫情结束后预计住宿餐饮会迅速恢复	289836		2020-02-26T13:45:52.046264
34	湖北以外新增病例5例	287951		2020-02-26T13:45:52.046309
35	你见过的最美酒窝照	286718	新	2020-02-26T13:45:52.046353
36	护士小姐姐熊抱抢镜	278871		2020-02-26T13:45:52.046409
37	韩国累计确诊1261例新冠肺炎	264287		2020-02-26T13:45:52.046453
38	北海道1600所公立中小学全部停课	246227	新	2020-02-26T13:45:52.046497
39	香港将向18岁以上永久居民发放1万港币	239646		2020-02-26T13:45:52.046554
40	婴儿看护人尽量不外出	213699		2020-02-26T13:45:52.046599
41	用剩饭能做出什么美味	199522	新	2020-02-26T13:45:52.046644
42	吐司正确打开方式	199347	新	2020-02-26T13:45:52.046700
43	科威特新增新冠肺炎13例	199235	新	2020-02-26T13:45:52.046759
44	意大利累计确诊370例	199104	新	2020-02-26T13:45:52.046823
45	最美的大草原	198809	新	2020-02-26T13:45:52.046886
46	20来岁的真实状态	198579	新	2020-02-26T13:45:52.046948
47	关于口罩10个最新问题	198441	新	2020-02-26T13:45:52.047012
48	易烊千玺跳女团舞	198271		2020-02-26T13:45:52.047075
49	法国首例感染新冠病毒死亡病例	198101		2020-02-26T13:45:52.047124
50	草莓的隐藏吃法	194382		2020-02-26T13:45:52.047175
