排名	关键词	热度	特征	时间
1	辛龙吻别刘真	4680565	新	2020-03-23T06:49:47.772215
2	荷兰销毁百万束鲜花	3086135	新	2020-03-23T06:49:47.772402
3	小S悼念刘真	2892700	新	2020-03-23T06:49:47.772550
4	刘真去世	2363965	热	2020-03-23T06:49:47.772691
5	郭老师直播和老公打起来了	1761232	热	2020-03-23T06:49:47.772836
6	澳大利亚退出今夏东京奥运会	1312830		2020-03-23T06:49:47.772976
7	李兰娟院士在感恩林种下桂花树	1083368	新	2020-03-23T06:49:47.773089
8	龚正任上海市代市长	958554		2020-03-23T06:49:47.773226
9	澳总理称今年是澳大利亚最难一年	886371		2020-03-23T06:49:47.773349
10	武汉地铁已做好恢复运营准备	864776	新	2020-03-23T06:49:47.773476
11	武汉大学樱花雨	839094	新	2020-03-23T06:49:47.773632
12	法国每晚八点为医护人员鼓掌	630659	新	2020-03-23T06:49:47.773786
13	今年前两个月实物商品网上零售额增长	616998		2020-03-23T06:49:47.773940
14	意大利人回答为何不带口罩	591145		2020-03-23T06:49:47.774064
15	纽约市长称特朗普再不行动更多人将丧命	548658		2020-03-23T06:49:47.774185
16	特朗普考虑释放非暴力老年囚犯	548070	新	2020-03-23T06:49:47.774306
17	重庆机场	546294		2020-03-23T06:49:47.774459
18	梁天	544443	新	2020-03-23T06:49:47.774580
19	张文宏说正常生活可以逐步恢复了	541400		2020-03-23T06:49:47.774732
20	知乎崩了	541334		2020-03-23T06:49:47.774853
21	刘真的最后一条微博	539182	新	2020-03-23T06:49:47.774966
22	清华学霸挑战空军超高淘汰率	536457	新	2020-03-23T06:49:47.775108
23	韩国疫情冲击下的汽车影院	534421	新	2020-03-23T06:49:47.775257
24	戈贝尔失去味觉和嗅觉	533991		2020-03-23T06:49:47.775407
25	海豚向海鸥炫耀嘴里的小鱼	532186		2020-03-23T06:49:47.775527
26	企业复工后发现20多名空气员工	515756		2020-03-23T06:49:47.775648
27	流浪猫生崽小区居民贴条请勿驱赶	508637	新	2020-03-23T06:49:47.775769
28	广州每天新增入境隔离上千人	495536	新	2020-03-23T06:49:47.775919
29	蔚来汽车被列为被执行人	454008	新	2020-03-23T06:49:47.776069
30	多个国家及国际组织感谢中国	445886	新	2020-03-23T06:49:47.776229
31	周一早高峰北京已严重拥堵	433423		2020-03-23T06:49:47.776380
32	艾草青团	412632	新	2020-03-23T06:49:47.776500
33	加拿大退出东京奥运会	405657		2020-03-23T06:49:47.776649
34	ECMO施治有多难	372941		2020-03-23T06:49:47.776769
35	安倍表示若不能完整举办奥运将考虑延期	362134		2020-03-23T06:49:47.776888
36	多国组织逼宫奥运延期	352923		2020-03-23T06:49:47.777008
37	A股	333361		2020-03-23T06:49:47.777126
38	海南省发布第一批禁塑名录	308998		2020-03-23T06:49:47.777244
39	北京向献血者赠500元体检卡和口罩	304490		2020-03-23T06:49:47.777365
40	又到了乱穿的季节	293379	新	2020-03-23T06:49:47.777484
41	抄底时机是否已到	293138	新	2020-03-23T06:49:47.777634
42	任嘉伦COSMO电子刊花絮预告	292468	新	2020-03-23T06:49:47.777782
43	开学时间	292213	新	2020-03-23T06:49:47.777932
44	你最期待哪个景区恢复	291812	新	2020-03-23T06:49:47.778082
45	换装贴纸礼服	291291	新	2020-03-23T06:49:47.778232
46	意大利又一市长狂怼市民	290989		2020-03-23T06:49:47.778381
47	人不胖脸胖是什么体验	268307		2020-03-23T06:49:47.778501
48	让你屏蔽朋友圈好友的原因	265678		2020-03-23T06:49:47.778620
49	再也看不到刘真和小S斗嘴了	241125		2020-03-23T06:49:47.778738
50	伊朗版方舱医院	218128	新	2020-03-23T06:49:47.778858
