排名	关键词	热度	特征	时间
1	意大利居民拒戴口罩要自由	2493260	热	2020-03-01T14:42:55.368512
2	韩国首次证实新天地教徒到过武汉	1943226	热	2020-03-01T14:42:55.368629
3	全面暂停离汉离鄂网约车业务	1628644		2020-03-01T14:42:55.368759
4	周深 少管我	1535565	新	2020-03-01T14:42:55.368850
5	上海老洋房	1427320	新	2020-03-01T14:42:55.368914
6	何炅做麻辣烫	1289145	新	2020-03-01T14:42:55.368974
7	李佳琦直播	1198146	新	2020-03-01T14:42:55.369032
8	天津暂停今年清明节祭扫服务	1128309		2020-03-01T14:42:55.369090
9	安家	1050772	新	2020-03-01T14:42:55.369139
10	小学要求学生在家学扭秧歌打腰鼓	673300		2020-03-01T14:42:55.369197
11	吴京裹被子cos大象	659236	新	2020-03-01T14:42:55.369244
12	36岁医生抗疫时心脏骤停去世	620104		2020-03-01T14:42:55.369302
13	韩新天地教会会长被诉过失杀人	587900		2020-03-01T14:42:55.369350
14	房贷	551136		2020-03-01T14:42:55.369395
15	钻石公主号已全员下船	534044		2020-03-01T14:42:55.369440
16	王鹤棣剃光头	530853	新	2020-03-01T14:42:55.369486
17	三个人的友情有多脆弱	527047		2020-03-01T14:42:55.369548
18	意大利议员戴口罩被嘲怒摔话筒	524676		2020-03-01T14:42:55.369600
19	伊朗华人谈当地疫情	521450		2020-03-01T14:42:55.369652
20	油条配酱油还是豆浆	518654		2020-03-01T14:42:55.369707
21	罗云熙素颜	518379	新	2020-03-01T14:42:55.369800
22	入睡的必要条件	517548		2020-03-01T14:42:55.369910
23	完美关系	479412	新	2020-03-01T14:42:55.369979
24	别人没法理解的自卑点	464111	新	2020-03-01T14:42:55.370039
25	被动式佛系女生	440801		2020-03-01T14:42:55.370097
26	李现刮胡子前后	426916		2020-03-01T14:42:55.370144
27	每天处理400桶医疗废物的人	383085		2020-03-01T14:42:55.370190
28	北京艳阳天像极了漫画	376344		2020-03-01T14:42:55.370236
29	10架次航班接回1314名中国公民	373457		2020-03-01T14:42:55.370285
30	如何用一只猫开台灯	372688	新	2020-03-01T14:42:55.370336
31	有两副面孔的狗子	343157		2020-03-01T14:42:55.370399
32	金泰熙剧组人员疑似感染新冠肺炎	336947		2020-03-01T14:42:55.370449
33	利特曾患抑郁症	332056		2020-03-01T14:42:55.370499
34	武汉首家方舱医院休舱	321462		2020-03-01T14:42:55.370582
35	活的还不如小朋友通透	317383		2020-03-01T14:42:55.370667
36	江达琳的脑子	314247	新	2020-03-01T14:42:55.370755
37	火神山ICU里的硬核护士长	306311	新	2020-03-01T14:42:55.370821
38	陕西大厨为武汉医疗队做羊肉泡馍	260653		2020-03-01T14:42:55.370879
39	身处疫情中的日本	246697		2020-03-01T14:42:55.370926
40	欢乐喜剧人	245146	新	2020-03-01T14:42:55.370971
41	不输配音的影视剧原声	242116		2020-03-01T14:42:55.371031
42	剑网三	240835	新	2020-03-01T14:42:55.371082
43	单身率特别高的大学专业	240203	新	2020-03-01T14:42:55.371142
44	歼10超音速飞行的音爆云	240200	新	2020-03-01T14:42:55.371199
45	韩国入境人员七成为中国内地居民	240197		2020-03-01T14:42:55.371259
46	游俊杰破男子室内1000米全国纪录	237334	新	2020-03-01T14:42:55.371305
47	计算机模拟疫情期开学的可能后果	222284		2020-03-01T14:42:55.371362
48	陈伟霆留胡子	214698		2020-03-01T14:42:55.371407
49	疫情后必展示的拿手菜	210032	新	2020-03-01T14:42:55.371452
50	官方回应黄冈22人误服消毒片	188949		2020-03-01T14:42:55.371512
