排名	关键词	热度	特征	时间
1	1918年大流感幸存者给2020年的提醒	2010553	热	2020-03-28T11:46:51.527427
2	创3学员定妆照	1290528		2020-03-28T11:46:51.527538
3	制造业再创国人骄傲	1268898	荐	2020-03-28T11:46:51.527616
4	除中国外已有8国确诊病例破万	1251903		2020-03-28T11:46:51.527708
5	厕纸蛋糕	1232984		2020-03-28T11:46:51.527780
6	天赐的声音抢先听	1227578	荐	2020-03-28T11:46:51.527852
7	WE五人在泉水杀FoFo	1224914	新	2020-03-28T11:46:51.527938
8	驰援武汉女护士表白朱婷	1091123	新	2020-03-28T11:46:51.528026
9	男子打死劝戴口罩者被批捕	886960		2020-03-28T11:46:51.528113
10	特朗普批评美国州长不懂感恩	840617		2020-03-28T11:46:51.528195
11	南京机场水门礼遇援鄂医疗队	824052	新	2020-03-28T11:46:51.528274
12	健身房恢复营业的第一天	813060		2020-03-28T11:46:51.528362
13	江苏12名医护集体请战国际一线	692694		2020-03-28T11:46:51.528433
14	多国因疫情从伊拉克撤军	661065		2020-03-28T11:46:51.528516
15	脑子里全是淡黄的长裙	622440		2020-03-28T11:46:51.528598
16	中国向巴基斯坦派遣抗疫医疗专家组	621399		2020-03-28T11:46:51.528677
17	武汉地铁贴隔位而坐标签	619578		2020-03-28T11:46:51.528756
18	黄一鸣	618891		2020-03-28T11:46:51.528834
19	乘坐上海地铁必须全程戴口罩	615724	新	2020-03-28T11:46:51.528911
20	恋爱循环	614694		2020-03-28T11:46:51.529010
21	卡戴珊姐妹在真人秀中打架	613499		2020-03-28T11:46:51.529086
22	周深	611614		2020-03-28T11:46:51.529165
23	双重芝士火鸡烤冷面	610284		2020-03-28T11:46:51.529241
24	让人窒息的rap现场	578069	新	2020-03-28T11:46:51.529318
25	神仙颜值的狗子	508779		2020-03-28T11:46:51.529415
26	16岁少年在家玩手机被雷击中	471878		2020-03-28T11:46:51.529492
27	男生帅气值等级表	448181	新	2020-03-28T11:46:51.529568
28	新京报	421874		2020-03-28T11:46:51.529664
29	德国新冠肺炎累计确诊48582例	412772	新	2020-03-28T11:46:51.529741
30	有一个地方叫稻城	410928		2020-03-28T11:46:51.529838
31	美国里根号航母2人确诊新冠肺炎	392145	新	2020-03-28T11:46:51.529915
32	高晓松	390952		2020-03-28T11:46:51.530011
33	有钱的具体概念	385575		2020-03-28T11:46:51.530088
34	特朗普祝英国首相早日康复	335718	新	2020-03-28T11:46:51.530164
35	外交部敦促美方不得实施所谓台北法案	325139		2020-03-28T11:46:51.530262
36	各科做题三大基本方法	318539	新	2020-03-28T11:46:51.530341
37	留学生滞留德国讲述现状	305637		2020-03-28T11:46:51.530433
38	日本新冠肺炎病例单日新增首次过百	274138		2020-03-28T11:46:51.530504
39	适合春天的紫色穿搭	271268		2020-03-28T11:46:51.530573
40	北京要求各项防控工作只加强不削弱	251938	新	2020-03-28T11:46:51.530642
41	有一种回复叫意念回复	247762		2020-03-28T11:46:51.530730
42	酒酿樱花圆子	247266		2020-03-28T11:46:51.530799
43	武汉奶茶外卖订单3天增8倍	225745		2020-03-28T11:46:51.530868
44	鸡蛋的网红吃法	220959		2020-03-28T11:46:51.530938
45	伊朗新增确诊病例超3000例	219809	新	2020-03-28T11:46:51.531005
46	棺材包包	219138	新	2020-03-28T11:46:51.531091
47	施瓦辛格骑车遛马和驴	219051	新	2020-03-28T11:46:51.531178
48	朋友借我车出去转一转	218578	新	2020-03-28T11:46:51.531265
49	全国农村网商突破1300万家	218207	新	2020-03-28T11:46:51.531351
50	国内版N号房调查	194639		2020-03-28T11:46:51.531437
