排名	关键词	热度	特征	时间
1	纽约市长说别信特朗普虚幻的希望	2698854	热	2020-03-26T08:57:40.518735
2	广东湛江发现34只极度濒危勺嘴鹬	1909859	热	2020-03-26T08:57:40.518907
3	研究显示1月1日起病毒已在意大利传播	1675156		2020-03-26T08:57:40.519058
4	英国小女孩因中餐馆关闭崩溃大哭	1645590	新	2020-03-26T08:57:40.519171
5	英国女子进充气球一路滚进超市	1557659	新	2020-03-26T08:57:40.519311
6	周冬雨	1468665	热	2020-03-26T08:57:40.519448
7	武汉的新冠肺炎重症治愈率越来越高	986088		2020-03-26T08:57:40.519585
8	创3教练团机场图	866740	新	2020-03-26T08:57:40.519695
9	国家卫健委提醒做好持久防控准备	791072	新	2020-03-26T08:57:40.519830
10	开学时间	730110		2020-03-26T08:57:40.519977
11	美国向各国征购医疗物资	703794	新	2020-03-26T08:57:40.520101
12	澳大利亚传生姜泡水预防新冠	702807	新	2020-03-26T08:57:40.520316
13	N号房受害人发声	702171	热	2020-03-26T08:57:40.520470
14	巴基斯坦新冠肺炎确诊病例数破千	700873	新	2020-03-26T08:57:40.520576
15	大连出现首例境外输入确诊病例	699767		2020-03-26T08:57:40.520678
16	高中和大学迟到的区别	698665	新	2020-03-26T08:57:40.520760
17	四川人有多离不开火锅	696989		2020-03-26T08:57:40.520861
18	延迟开学的当代大学生	696870	新	2020-03-26T08:57:40.520943
19	武警小哥满足单身女护士心愿	696248	新	2020-03-26T08:57:40.521044
20	蝴蝶礼裙	654779	新	2020-03-26T08:57:40.521145
21	熬夜的隐藏伤害	619204		2020-03-26T08:57:40.521246
22	拉克丝新皮肤	490463	新	2020-03-26T08:57:40.521326
23	这才是猛男的老年生活	454118		2020-03-26T08:57:40.521426
24	男生独有的迷之自信	447615	新	2020-03-26T08:57:40.521510
25	人民币对美元汇率中间价两连涨	421662		2020-03-26T08:57:40.521611
26	中国已宣布向83个国家提供援助	394172		2020-03-26T08:57:40.521692
27	苹果考虑推迟发布5GiPhone	372956		2020-03-26T08:57:40.521775
28	N号房	362195		2020-03-26T08:57:40.521857
29	高校银龄教师支援西部计划	350881		2020-03-26T08:57:40.521938
30	美少女战士服饰	347934		2020-03-26T08:57:40.522019
31	江西暂停所有出入境国际客运航班	334971		2020-03-26T08:57:40.522100
32	纽约医院外搭临时停尸房	332984	新	2020-03-26T08:57:40.522181
33	韩政府加快为N号房受害者变更身份证	323870	新	2020-03-26T08:57:40.522282
34	中国将及时与全球共享数据成果	308043		2020-03-26T08:57:40.522391
35	意大利疫情新闻发言人发烧	306231	新	2020-03-26T08:57:40.522483
36	湖北省治愈率首次突破90%	305429	新	2020-03-26T08:57:40.522598
37	准爸爸吴雷	304828	新	2020-03-26T08:57:40.522713
38	武汉正在重启	304267	新	2020-03-26T08:57:40.522828
39	八达岭景区降雪	303540	新	2020-03-26T08:57:40.522941
40	已有23个省份报告境外输入病例	302719	新	2020-03-26T08:57:40.523055
41	成年人都是过了期的孩子	302103	新	2020-03-26T08:57:40.523170
42	邓超孙俪邀医护粉丝撕名牌	301282	新	2020-03-26T08:57:40.523284
43	RW DMO	299838	新	2020-03-26T08:57:40.523400
44	自制拉丝芝士排骨	299524	新	2020-03-26T08:57:40.523514
45	恩比德声援唐斯	298814	新	2020-03-26T08:57:40.523629
46	爱豆的那些入坑神图	297362	新	2020-03-26T08:57:40.523742
47	上课时的极限运动	296926	新	2020-03-26T08:57:40.523856
48	境外输入确诊病例90%持中国护照	295613		2020-03-26T08:57:40.523970
49	钻石头纱	295600		2020-03-26T08:57:40.524063
50	港风红唇妆	282737		2020-03-26T08:57:40.524153
