排名	关键词	热度	特征	时间
1	首例新冠肺炎逝者遗体解剖报告	2675904	热	2020-02-28T08:46:51.806161
2	眼泪及结膜分泌物存在新冠病毒	1579351	新	2020-02-28T08:46:51.806239
3	扩大中小学教师招聘	1502878	新	2020-02-28T08:46:51.806301
4	抢注李文亮商标公司致歉	1195202		2020-02-28T08:46:51.806362
5	釜山行2韩国定档	1010516		2020-02-28T08:46:51.806410
6	日本京都教育局决定各学校正常上课	1008864	新	2020-02-28T08:46:51.806458
7	教育部回应高考会不会推迟	926978		2020-02-28T08:46:51.806517
8	疫情是否会影响大家工资	894001		2020-02-28T08:46:51.806564
9	科比部分遗物将在4月拍卖	848318		2020-02-28T08:46:51.806612
10	煎牛奶	707273		2020-02-28T08:46:51.806657
11	黄晓明为baby庆生	550783	热	2020-02-28T08:46:51.806704
12	宁波举报疑似感染经确诊的奖励2万	525234		2020-02-28T08:46:51.806761
13	23岁伊朗女足国脚因新冠肺炎去世	482217		2020-02-28T08:46:51.806813
14	武汉居民现在这样买菜	445686		2020-02-28T08:46:51.806866
15	黎智英被捕	400201	热	2020-02-28T08:46:51.806922
16	两年内找到工作按应届办理就业手续	398710	新	2020-02-28T08:46:51.806986
17	孙杨	397774	新	2020-02-28T08:46:51.807050
18	杨幂回复前线支援医护粉丝	394037		2020-02-28T08:46:51.807113
19	4月8日将出现年度最大满月	392952	新	2020-02-28T08:46:51.807164
20	东京奥运会已耗资250亿美元	390584		2020-02-28T08:46:51.807229
21	易烊千玺读工作室写的信	388661		2020-02-28T08:46:51.807280
22	接到开学通知后的你	386987		2020-02-28T08:46:51.807332
23	瓦妮莎怀念科比Gigi	382862	新	2020-02-28T08:46:51.807382
24	原来丢手绢是这样玩的	382171	新	2020-02-28T08:46:51.807444
25	女子穿火龙充气服逛商场被拦	379640		2020-02-28T08:46:51.807507
26	王一博水下憋气	378363		2020-02-28T08:46:51.807558
27	不能打扰每一个追剧的女孩	372045		2020-02-28T08:46:51.807608
28	美国封锁驻韩美军基地	332153	新	2020-02-28T08:46:51.807658
29	木兰花眼妆	313811		2020-02-28T08:46:51.807722
30	教育部鼓励更多应届毕业生参军入伍	303957		2020-02-28T08:46:51.807772
31	6旬保安给隔离日本业主当翻译	299748		2020-02-28T08:46:51.807822
32	接受不了长辈的哪些观念	298075		2020-02-28T08:46:51.807871
33	撒哈拉以南非洲首现确诊病例	282661	新	2020-02-28T08:46:51.807921
34	心疼阿兰若	278437		2020-02-28T08:46:51.807984
35	老师上网课的尴尬瞬间	260685		2020-02-28T08:46:51.808034
36	千岛湖第一网鱼半价义卖	254364	新	2020-02-28T08:46:51.808085
37	钟南山	239495		2020-02-28T08:46:51.808148
38	戈登暗讽韦德	238857		2020-02-28T08:46:51.808220
39	A股	232856		2020-02-28T08:46:51.808271
40	扩招	215189		2020-02-28T08:46:51.808319
41	无证据显示狗会传播新冠病毒给人	212728	新	2020-02-28T08:46:51.808365
42	詹姆斯场边偷笑	202381		2020-02-28T08:46:51.808426
43	雨衣妹妹	192351		2020-02-28T08:46:51.808476
44	天津医生多次抢救新冠肺炎患者确诊	190935	新	2020-02-28T08:46:51.808528
45	不出门还坚持发自拍的女生	190446	新	2020-02-28T08:46:51.808591
46	谭德塞 中国以外地区才是最大担忧	190391		2020-02-28T08:46:51.808653
47	新西兰出现首例新冠肺炎确诊病例	189970		2020-02-28T08:46:51.808704
48	教育部回应扩大硕士和专升本招生	189867		2020-02-28T08:46:51.808762
49	今年全国普通高校毕业生874万人	178011		2020-02-28T08:46:51.808813
50	复工后的第一餐	141253	新	2020-02-28T08:46:51.808866
