排名	关键词	热度	特征	时间
1	延迟复工工资发放新政策	520647	沸	2020-02-08T19:44:54.686354
2	中央赴湖北指导组要求应收尽收	519242		2020-02-08T19:44:54.686438
3	央视诗朗诵太感人了	508713	沸	2020-02-08T19:44:54.686499
4	泰国枪击案	499796	沸	2020-02-08T19:44:54.686570
5	凤凰传奇只有玲花	492294	沸	2020-02-08T19:44:54.686641
6	王耀庆配音	487360		2020-02-08T19:44:54.686709
7	你为什么感动又为什么彻夜难眠	444015	沸	2020-02-08T19:44:54.686760
8	凯丽带着哭腔朗诵	322682	沸	2020-02-08T19:44:54.686821
9	央视元宵特别节目	293969	沸	2020-02-08T19:44:54.686881
10	央视元宵节目主持人	239698		2020-02-08T19:44:54.686944
11	崔智友客串爱的迫降	235255		2020-02-08T19:44:54.686994
12	最新疫情地图	214284		2020-02-08T19:44:54.687043
13	湖北整治6类形式主义官僚主义问题	193716		2020-02-08T19:44:54.687092
14	对医疗资源有断供风险地区点对点调度	178311		2020-02-08T19:44:54.687144
15	元宵节晚会	176208		2020-02-08T19:44:54.687198
16	湖南卫视主持人撑起一台晚会	170989	热	2020-02-08T19:44:54.687251
17	陶红	165705	热	2020-02-08T19:44:54.687319
18	小红书崩了	160476	热	2020-02-08T19:44:54.687385
19	姚明笑了	156638		2020-02-08T19:44:54.687450
20	白浅大婚	147223		2020-02-08T19:44:54.687504
21	黄景瑜体重	145928		2020-02-08T19:44:54.687556
22	新冠肺炎人人易感	138579		2020-02-08T19:44:54.687608
23	爱的迫降	132757		2020-02-08T19:44:54.687661
24	湖南卫视弹幕观众席	130810		2020-02-08T19:44:54.687713
25	月亮	127244		2020-02-08T19:44:54.687765
26	湖南元宵晚会有大傻	123880		2020-02-08T19:44:54.687817
27	李佳琦直播	122541		2020-02-08T19:44:54.687869
28	李文亮妻子声明	116236		2020-02-08T19:44:54.687920
29	上海虹桥枢纽	113680		2020-02-08T19:44:54.687974
30	爱的迫降预告	112708		2020-02-08T19:44:54.688027
31	张新成的汉阳门花园 催泪	112049		2020-02-08T19:44:54.688080
32	汤圆	111508		2020-02-08T19:44:54.688136
33	防护服产量有增加但仍有缺口	110631		2020-02-08T19:44:54.688220
34	陈道明的声音	109629		2020-02-08T19:44:54.688275
35	天耀中华	109424		2020-02-08T19:44:54.688325
36	湖南卫视元宵晚会	107154		2020-02-08T19:44:54.688373
37	近期12315举报45%是口罩乱涨价	106235		2020-02-08T19:44:54.688423
38	新冠肺炎患者产下男婴取名小汤圆	99841		2020-02-08T19:44:54.688473
39	声临其境	97577		2020-02-08T19:44:54.688522
40	一美国公民死于新冠肺炎	96448		2020-02-08T19:44:54.688570
41	内蒙古一确诊患者隐瞒行程被立案	89589		2020-02-08T19:44:54.688617
42	出征	89030		2020-02-08T19:44:54.688665
43	中国女篮进军东京奥运会	83536		2020-02-08T19:44:54.688712
44	任子威夺冠	77304		2020-02-08T19:44:54.688762
45	新冠肺炎传播途径包括气溶胶传播	76709		2020-02-08T19:44:54.688810
46	一次性口罩能否重复使用	75555		2020-02-08T19:44:54.688857
47	武汉儿童医院普诊全部停诊	69114		2020-02-08T19:44:54.688905
48	马嘉祺宋亚轩去李飞办公室舞狮子	55784		2020-02-08T19:44:54.688951
49	透解祛瘟颗粒获批临床使用	54819		2020-02-08T19:44:54.688998
50	小红袄	54449		2020-02-08T19:44:54.689045
