排名	关键词	热度	特征	时间
1	联合国秘书长感谢中国人民	3037056	沸	2020-02-25T15:59:38.702643
2	扩大硕士研究生招生和专升本规模	1793981	沸	2020-02-25T15:59:38.702720
3	苏宁易购24期免息	1692316	荐	2020-02-25T15:59:38.702784
4	日本新冠肺炎病例累计确诊861例	1539817	新	2020-02-25T15:59:38.702848
5	郭富城母亲去世	1524848	热	2020-02-25T15:59:38.702909
6	被崔英俊气死	1510646	新	2020-02-25T15:59:38.702967
7	安家	1491020	沸	2020-02-25T15:59:38.703026
8	外交部回应美称中方窃取科研成果	1297531	新	2020-02-25T15:59:38.703084
9	朱一龙在胡萝卜上刻字	1237296	沸	2020-02-25T15:59:38.703144
10	房似锦借钱	1114736	新	2020-02-25T15:59:38.703201
11	完美关系女主人设	1048884	新	2020-02-25T15:59:38.703257
12	特朗普 印度	960951		2020-02-25T15:59:38.703314
13	戴口罩起痘痘怎么办	960084		2020-02-25T15:59:38.703360
14	伊朗卫生部副部长确诊新冠肺炎	958195		2020-02-25T15:59:38.703406
15	广州13例患者出院后复阳	955076		2020-02-25T15:59:38.703453
16	病毒样本快递员	953267		2020-02-25T15:59:38.703499
17	李佳琦小助理	951326	热	2020-02-25T15:59:38.703546
18	女生转院到火神山照顾重症外婆	948184	新	2020-02-25T15:59:38.703603
19	斯黛拉 叶东烈	944679	新	2020-02-25T15:59:38.703660
20	赵海棠吃鸡	942423		2020-02-25T15:59:38.703716
21	一张证明返程复工的照片	941969		2020-02-25T15:59:38.703761
22	李易峰为什么这样看张若昀	941142		2020-02-25T15:59:38.703812
23	过年后的经济状况	757798		2020-02-25T15:59:38.703864
24	武大早樱开了	620280		2020-02-25T15:59:38.703920
25	法医谈首例新冠肺炎病例解剖	584554		2020-02-25T15:59:38.703970
26	银行为69亿现金消毒	502610		2020-02-25T15:59:38.704021
27	赖冠霖回怼网友	494212		2020-02-25T15:59:38.704072
28	张艺兴直播	492073		2020-02-25T15:59:38.704122
29	未感染新冠服用处方药被送ICU	439422		2020-02-25T15:59:38.704181
30	十字绣	420488		2020-02-25T15:59:38.704238
31	鸡鸣寺消息树开花	417869		2020-02-25T15:59:38.704286
32	自制鸡米花	374729		2020-02-25T15:59:38.704333
33	每2到3小时变换口罩佩戴位置	371283		2020-02-25T15:59:38.704378
34	安家 原生家庭	365654	新	2020-02-25T15:59:38.704425
35	近期最喜欢的便利店美食	347663	新	2020-02-25T15:59:38.704483
36	东北的日常美食	336434		2020-02-25T15:59:38.704539
37	像极了刚复工的你和你同事	334473		2020-02-25T15:59:38.704586
38	中国足球界已捐款捐物24亿	324291		2020-02-25T15:59:38.704632
39	吃鸡腿的干净程度	305575		2020-02-25T15:59:38.704677
40	意大利民众排长队抢购食物	284885		2020-02-25T15:59:38.704723
41	吵架后总感觉没发挥好	272513		2020-02-25T15:59:38.704768
42	克罗地亚确诊首例新冠肺炎病例	260962		2020-02-25T15:59:38.704814
43	十堰老人家中死亡留下6岁孙子	260699	新	2020-02-25T15:59:38.704859
44	浪漫医生金师傅	260483	新	2020-02-25T15:59:38.704915
45	蓝战非 狗哥	260088	新	2020-02-25T15:59:38.704972
46	各级财政疫情防控经费超1000亿元	259748	新	2020-02-25T15:59:38.705028
47	被作业逼疯的小学生	259655	新	2020-02-25T15:59:38.705086
48	官方回应8次核酸阴性原因	259334		2020-02-25T15:59:38.705144
49	异常激烈的体育网课	256359		2020-02-25T15:59:38.705190
50	蓝莓蛋糕	235582		2020-02-25T15:59:38.705235
