排名	关键词	热度	特征	时间
1	苗苗肚子	178214	热	2020-03-31T21:51:46.411942
2	意大利全境降半旗	160974		2020-03-31T21:51:46.412046
3	vivo S6新品发布	157249	荐	2020-03-31T21:51:46.412118
4	导演佐佐部清去世	134361		2020-03-31T21:51:46.412232
5	张国荣	133467		2020-03-31T21:51:46.412337
6	愚人节	133390	新	2020-03-31T21:51:46.412407
7	市长称纽约实际感染数远高于确诊数	132551		2020-03-31T21:51:46.412489
8	何雯娜家办婚礼分歧	121009		2020-03-31T21:51:46.412555
9	外交部回应中国留学生希望回国	110699		2020-03-31T21:51:46.412620
10	李兰娟院士返杭丈夫郑树森院士接机	109642		2020-03-31T21:51:46.412686
11	许可馨	105747		2020-03-31T21:51:46.412751
12	邢台通报批评5名教师擅自出国	95250		2020-03-31T21:51:46.412815
13	陪同普京视察的医师确诊新冠肺炎	71720		2020-03-31T21:51:46.412879
14	无症状感染者的4个发现途径	67546		2020-03-31T21:51:46.412943
15	韩国女留学生回国拒隔离被索赔	66856		2020-03-31T21:51:46.413007
16	安妮玫瑰	65228		2020-03-31T21:51:46.413070
17	冰糖炖雪梨	64746		2020-03-31T21:51:46.413133
18	美国连锁巨头将临时解雇13万员工	64309		2020-03-31T21:51:46.413197
19	黎语冰手滑	63643		2020-03-31T21:51:46.413261
20	已发生森林火灾绝大多数是人为引发	63159		2020-03-31T21:51:46.413325
21	梁超	62695		2020-03-31T21:51:46.413389
22	三生三世无忧糕	62069		2020-03-31T21:51:46.413452
23	宿管阿姨帮学生晒被100多床	61804		2020-03-31T21:51:46.413515
24	以前的人胆子都好大	60037		2020-03-31T21:51:46.413578
25	萧敬腾经纪人	59909		2020-03-31T21:51:46.413641
26	北京市教委回应高考延期	52728		2020-03-31T21:51:46.413705
27	印度返乡人员被用水枪消杀	50584		2020-03-31T21:51:46.413769
28	西昌泸山着火点复燃	46797		2020-03-31T21:51:46.413832
29	个人所得税	45972		2020-03-31T21:51:46.413896
30	这行为怎么做到全国统一的	45799		2020-03-31T21:51:46.413959
31	援鄂广东医疗队遇上福建队	45362		2020-03-31T21:51:46.414022
32	黄埭车祸司机系逃逸途中再肇事	40834		2020-03-31T21:51:46.414084
33	记住了奇迹别忘了创造奇迹的他们	40290		2020-03-31T21:51:46.414147
34	陈飞宇	38346		2020-03-31T21:51:46.414212
35	西昌森林火灾牺牲人员名单	38011		2020-03-31T21:51:46.414276
36	Rookie五杀	36298		2020-03-31T21:51:46.414339
37	编剧宫藤官九郎感染新冠	36001		2020-03-31T21:51:46.414403
38	再也不怕秃头了	34791		2020-03-31T21:51:46.414467
39	这条走廊安静了武汉就开始热闹了	33141		2020-03-31T21:51:46.414530
40	女童高空扔苹果砸瘫女婴被判赔185万	32207		2020-03-31T21:51:46.414593
41	援鄂医疗队员高喊李兰娟女神	32108		2020-03-31T21:51:46.414656
42	高考结束的那天做了什么	30897		2020-03-31T21:51:46.414719
43	高考版淡黄的长裙	27050		2020-03-31T21:51:46.414783
44	宋茜发带	25991		2020-03-31T21:51:46.414847
45	能不能退下住宿费	25777		2020-03-31T21:51:46.414910
46	李易峰骑儿童自行车	25456		2020-03-31T21:51:46.414973
47	苏州黄埭车祸	25059		2020-03-31T21:51:46.415036
48	吃瓜吃到自己的嫌疑人	24336		2020-03-31T21:51:46.415099
49	华春莹回应所谓中国囤积医疗物资论	23957		2020-03-31T21:51:46.415162
50	高考确认延期一个月	22428		2020-03-31T21:51:46.415225
