排名	关键词	热度	特征	时间
1	华南海鲜市场并非新冠病毒发源地	1159708	沸	2020-02-22T18:38:59.747747
2	日本15000人戴口罩看足球赛	872091	热	2020-02-22T18:38:59.747822
3	我的VLOG生活	861306	荐	2020-02-22T18:38:59.747888
4	钻石公主号23名下船者未经病毒检测	851350		2020-02-22T18:38:59.747952
5	张艺兴春晚后空翻彩排摔倒	842480	沸	2020-02-22T18:38:59.748008
6	快乐大本营	750724	沸	2020-02-22T18:38:59.748073
7	三星韩国工厂确诊1例新冠病例	740841		2020-02-22T18:38:59.748136
8	电饭煲蛋糕大型翻车现场	734997	沸	2020-02-22T18:38:59.748209
9	蓝天救援队队员许鹏	723490		2020-02-22T18:38:59.748272
10	姐妹战疫安心行动 梁钰	708276	新	2020-02-22T18:38:59.748321
11	丁太升点评王晰	696263		2020-02-22T18:38:59.748381
12	声临其境	687741	新	2020-02-22T18:38:59.748427
13	安家	664843		2020-02-22T18:38:59.748485
14	日本累计报告763例确诊病例	655438	新	2020-02-22T18:38:59.748530
15	房似锦抢单	647283		2020-02-22T18:38:59.748587
16	浙江第一批疫苗已产生抗体	636611		2020-02-22T18:38:59.748633
17	Gigi的脸	619787	热	2020-02-22T18:38:59.748679
18	房产证该不该加儿媳妇名字	612388		2020-02-22T18:38:59.748735
19	高三和大一上网课的区别	562254		2020-02-22T18:38:59.748780
20	第一弹崩了	540563	新	2020-02-22T18:38:59.748826
21	日本出现首例下船后确认感染病例	539094	新	2020-02-22T18:38:59.748881
22	李佳琦直播	454938		2020-02-22T18:38:59.748939
23	哈尔滨倡议市民二月二不出门理发	345050	新	2020-02-22T18:38:59.748984
24	快乐大本营预告	320716	新	2020-02-22T18:38:59.749041
25	杨洋好帅	276162		2020-02-22T18:38:59.749097
26	火神山医院ICU病床上的军礼	235964		2020-02-22T18:38:59.749142
27	没做错却很有罪恶感的事	217179		2020-02-22T18:38:59.749188
28	完美关系	213884		2020-02-22T18:38:59.749233
29	24岁父母捂死女婴埋尸小区游乐场	205581		2020-02-22T18:38:59.749278
30	东京都知事回应伦敦接手奥运言论	200111		2020-02-22T18:38:59.749323
31	武汉隔离环卫工退房后自觉打扫酒店	198549		2020-02-22T18:38:59.749369
32	男生的思路都是一样的	181320		2020-02-22T18:38:59.749414
33	天赐的声音	178370		2020-02-22T18:38:59.749469
34	鹿晗做的油条	177767		2020-02-22T18:38:59.749513
35	武汉市委原秘书长蔡杰被双开	167237		2020-02-22T18:38:59.749556
36	当你在家玩游戏被坑时	159942	新	2020-02-22T18:38:59.749601
37	交警被晒成口罩脸	143841		2020-02-22T18:38:59.749656
38	全球航司将损失290亿美元收入	131738		2020-02-22T18:38:59.749699
39	蝗虫	123728		2020-02-22T18:38:59.749755
40	威海大润发	117322		2020-02-22T18:38:59.749800
41	中央指导组在湖北的27天	106202		2020-02-22T18:38:59.749852
42	行李箱爹妈关爱区	97962		2020-02-22T18:38:59.749897
43	一家五口人幸福生活的一天	97858		2020-02-22T18:38:59.749945
44	一般不要对居室进行全面消毒	96148		2020-02-22T18:38:59.749995
45	非诚勿扰	94622		2020-02-22T18:38:59.750045
46	湖南44岁民警牺牲在战疫岗位	91239		2020-02-22T18:38:59.750097
47	不得一刀切禁止快递取件和投递	82016		2020-02-22T18:38:59.750147
48	企事业单位应暂时停用指纹考勤机	80009		2020-02-22T18:38:59.750207
49	当当网负责人因员工确诊新冠肺炎被约谈	78854		2020-02-22T18:38:59.750276
50	香山	77310		2020-02-22T18:38:59.750322
