排名	关键词	热度	特征	时间
1	宋祖儿阮经天	4272676	新	2020-01-07T03:58:41.071447
2	老人用绳吊7岁孙子下楼救猫	2594213	热	2020-01-07T03:58:41.071524
3	2020国漫需要牛	2362169	荐	2020-01-07T03:58:41.071592
4	梅婷脚踩飞机显示屏	2271929	热	2020-01-07T03:58:41.071654
5	中国冰雪旅游达2.24亿人次	1490032	新	2020-01-07T03:58:41.071713
6	福年种福果	1415034	荐	2020-01-07T03:58:41.071773
7	鹿晗吃火锅涮葡萄	1401798	沸	2020-01-07T03:58:41.071832
8	于正 写的时候没想到那二位	1046871		2020-01-07T03:58:41.071889
9	特朗普称伊朗永远都不会拥有核武器	943373		2020-01-07T03:58:41.071937
10	美防长否认威胁打击伊朗文化遗产	943351	新	2020-01-07T03:58:41.071984
11	大理古城500年情侣树被风吹断	943350		2020-01-07T03:58:41.072042
12	一点也不羡慕任嘉伦老婆	943349		2020-01-07T03:58:41.072089
13	东风快递烟花秀	927647		2020-01-07T03:58:41.072141
14	澳洲山火烟雾蔓延至南美	924836		2020-01-07T03:58:41.072194
15	如果一觉醒来回到了大学	905272		2020-01-07T03:58:41.072247
16	演唱会将实现刷脸扫码入场	887102		2020-01-07T03:58:41.072298
17	赵薇泪痣妆	877461	新	2020-01-07T03:58:41.072350
18	网店年销200万双带证假鞋	603552	新	2020-01-07T03:58:41.072414
19	老师把婚礼搬进幼儿园	392685		2020-01-07T03:58:41.072478
20	睡不够更易导致腹部肥胖	375650		2020-01-07T03:58:41.072529
21	晚上醒来看手机的原因	285913		2020-01-07T03:58:41.072581
22	聂欢	284150		2020-01-07T03:58:41.072632
23	爸妈如何评论你朋友圈的	264240	新	2020-01-07T03:58:41.072684
24	恋人之间新鲜感有多重要	240793		2020-01-07T03:58:41.072745
25	朱棣下线	209165		2020-01-07T03:58:41.072792
26	锦衣之下	198881		2020-01-07T03:58:41.072838
27	肖战时尚芭莎	196997	新	2020-01-07T03:58:41.072884
28	林更新活跃到像个粉头	196900		2020-01-07T03:58:41.072941
29	故宫 雪	194233		2020-01-07T03:58:41.072987
30	最新学术排名中科院超哈佛	181095		2020-01-07T03:58:41.073033
31	让你感到干净又温柔的句子	169463		2020-01-07T03:58:41.073079
32	梅婷道歉	168007	新	2020-01-07T03:58:41.073124
33	张一山兔耳朵发卡	166304		2020-01-07T03:58:41.073181
34	澳大利亚血色天空	163093		2020-01-07T03:58:41.073228
35	美军没有计划从伊拉克撤军	157332	新	2020-01-07T03:58:41.073273
36	贵州乳状云奇观	156014	新	2020-01-07T03:58:41.073331
37	朱一龙身上有个感叹号	154773	新	2020-01-07T03:58:41.073387
38	汪海林 不知道吴宣仪是谁	152465		2020-01-07T03:58:41.073444
39	消防员连滚带爬奔向车库	150143	新	2020-01-07T03:58:41.073489
40	低成本的爱好	147980		2020-01-07T03:58:41.073544
41	你见过最好看的笑容	142495		2020-01-07T03:58:41.073589
42	C罗帽子戏法	138181		2020-01-07T03:58:41.073635
43	如何和低情商的人相处	133123		2020-01-07T03:58:41.073685
44	很有病但是也真的很好笑	132597	新	2020-01-07T03:58:41.073736
45	2万吨中央储备冻猪肉将投放	120288	新	2020-01-07T03:58:41.073800
46	伊朗总统顾问暗示攻击特朗普财产	111434	新	2020-01-07T03:58:41.073864
47	孟晚舟案引渡听证会20日举行	103197	新	2020-01-07T03:58:41.073929
48	旅游过年超一半是90后	100494	新	2020-01-07T03:58:41.073993
49	邓紫棋陈立农互教方言	100479	新	2020-01-07T03:58:41.074062
50	郑云龙挪中文化交流青年使者	100476		2020-01-07T03:58:41.074131
