排名	关键词	热度	特征	时间
1	联合国秘书长感谢中国人民	1697295	沸	2020-02-25T17:41:56.514473
2	安家	1223805	沸	2020-02-25T17:41:56.514559
3	女生转院到火神山照顾重症外婆	1024331	新	2020-02-25T17:41:56.514621
4	被崔英俊气死	1011063	热	2020-02-25T17:41:56.514679
5	郭富城母亲去世	1006132	热	2020-02-25T17:41:56.514738
6	完美关系女主人设	944891	新	2020-02-25T17:41:56.514796
7	日本新冠肺炎病例累计确诊861例	858884	新	2020-02-25T17:41:56.514854
8	扩大硕士研究生招生和专升本规模	736885	沸	2020-02-25T17:41:56.514913
9	朱一龙在胡萝卜上刻字	577235	沸	2020-02-25T17:41:56.514972
10	外交部回应美称中方窃取科研成果	560096		2020-02-25T17:41:56.515030
11	房似锦借钱	519363		2020-02-25T17:41:56.515077
12	伊朗卫生部副部长确诊新冠肺炎	519343		2020-02-25T17:41:56.515123
13	特朗普 印度	519315		2020-02-25T17:41:56.515171
14	广州13例患者出院后复阳	519282		2020-02-25T17:41:56.515221
15	戴口罩起痘痘怎么办	519252		2020-02-25T17:41:56.515275
16	李佳琦小助理	519242	热	2020-02-25T17:41:56.515330
17	十堰老人家中死亡留下6岁孙子	519205	新	2020-02-25T17:41:56.515394
18	孔雪儿	519186	新	2020-02-25T17:41:56.515457
19	蓝战非 狗哥	519148	新	2020-02-25T17:41:56.515519
20	李易峰为什么这样看张若昀	519120		2020-02-25T17:41:56.515582
21	老师的求生欲有多强	519088	新	2020-02-25T17:41:56.515632
22	一张证明返程复工的照片	519078		2020-02-25T17:41:56.515705
23	斯黛拉 叶东烈	507723		2020-02-25T17:41:56.515788
24	赵海棠吃鸡	479714		2020-02-25T17:41:56.515875
25	过年后的经济状况	425583		2020-02-25T17:41:56.515972
26	法医谈首例新冠肺炎病例解剖	407094		2020-02-25T17:41:56.516027
27	被作业逼疯的小学生	373324	新	2020-02-25T17:41:56.516077
28	武大早樱开了	361819		2020-02-25T17:41:56.516135
29	浪漫医生金师傅	317503		2020-02-25T17:41:56.516196
30	银行为69亿现金消毒	299209		2020-02-25T17:41:56.516245
31	近期最喜欢的便利店美食	285208		2020-02-25T17:41:56.516291
32	张艺兴直播	284390		2020-02-25T17:41:56.516336
33	大酱园	282867	新	2020-02-25T17:41:56.516381
34	安家 原生家庭	278323		2020-02-25T17:41:56.516438
35	美股 涨	275564	新	2020-02-25T17:41:56.516482
36	赖冠霖回怼网友	261142		2020-02-25T17:41:56.516542
37	未感染新冠服用处方药被送ICU	236451		2020-02-25T17:41:56.516587
38	像极了刚复工的你和你同事	213888		2020-02-25T17:41:56.516634
39	每2到3小时变换口罩佩戴位置	207633		2020-02-25T17:41:56.516679
40	十字绣	205542		2020-02-25T17:41:56.516724
41	病毒样本快递员	191221		2020-02-25T17:41:56.516769
42	韩国	189558		2020-02-25T17:41:56.516815
43	自制鸡米花	189267		2020-02-25T17:41:56.516861
44	东北的日常美食	180112		2020-02-25T17:41:56.516908
45	异常激烈的体育网课	163701		2020-02-25T17:41:56.516952
46	吃鸡腿的干净程度	157584		2020-02-25T17:41:56.516998
47	意大利民众排长队抢购食物	149486		2020-02-25T17:41:56.517043
48	鸡鸣寺消息树开花	139787		2020-02-25T17:41:56.517089
49	埃及前总统穆巴拉克去世	137889		2020-02-25T17:41:56.517132
50	中国足球界已捐款捐物24亿	102033		2020-02-25T17:41:56.517177
