排名	关键词	热度	特征	时间
1	赵奕欢恋情	306894	热	2020-03-25T21:46:50.658484
2	西班牙副首相新冠病毒检测呈阳性	165418		2020-03-25T21:46:50.658616
3	申冰退赛	162841	热	2020-03-25T21:46:50.658709
4	黄子韬晒和易烊千玺合照	158939		2020-03-25T21:46:50.658817
5	普京宣布俄罗斯放假一周	103147		2020-03-25T21:46:50.658907
6	四川开学时间	88784		2020-03-25T21:46:50.659004
7	中国留学生吴芃	69055		2020-03-25T21:46:50.659100
8	钟南山建议保持防控措施防第二波	54074		2020-03-25T21:46:50.659194
9	上午刺伤妻子下午车祸身亡	53632		2020-03-25T21:46:50.659288
10	英国女王3月12日见过查尔斯王子	46184		2020-03-25T21:46:50.659383
11	驻英大使谈查尔斯王子核酸阳性	45380		2020-03-25T21:46:50.659477
12	N号房付费会员中有人气艺人	42851		2020-03-25T21:46:50.659572
13	央视评回国女子大闹机场	38761		2020-03-25T21:46:50.659665
14	查尔斯王子核酸检测呈阳性	38664		2020-03-25T21:46:50.659758
15	周洁琼回应被起诉	38600		2020-03-25T21:46:50.659851
16	易烊千玺 周冬雨	38492		2020-03-25T21:46:50.659945
17	美国多名医生警告情况正在恶化	38455		2020-03-25T21:46:50.660039
18	口罩出口订单大增	38309		2020-03-25T21:46:50.660134
19	纽约市1天近3000名警察请病假	38215		2020-03-25T21:46:50.660271
20	让人开口跪的神仙翻唱	38138		2020-03-25T21:46:50.660364
21	申冰	37990	热	2020-03-25T21:46:50.660450
22	英国警察用大喇叭劝晒太阳市民回家	37945		2020-03-25T21:46:50.660553
23	瑞典环保少女自称极可能感染新冠	37792		2020-03-25T21:46:50.660638
24	印度医生因抗疫遭歧视	37758		2020-03-25T21:46:50.660720
25	10多辆小车上演教科书式让行	37393		2020-03-25T21:46:50.660801
26	杨幂手绘封面	37065		2020-03-25T21:46:50.660884
27	李敏镐海军制服	36275		2020-03-25T21:46:50.660967
28	那些你从小吃到大的零食	34737		2020-03-25T21:46:50.661048
29	援鄂护士如愿坐上铁骑摩托车	34424		2020-03-25T21:46:50.661129
30	中国画版钟南山	33127		2020-03-25T21:46:50.661211
31	朴灿烈直播	32650		2020-03-25T21:46:50.661295
32	N号房受害者里有艺人	31951		2020-03-25T21:46:50.661386
33	马德里冰宫改作停尸间	31117		2020-03-25T21:46:50.661479
34	普京称将推迟俄宪法修正案全民公投	28475		2020-03-25T21:46:50.661571
35	加拿大西捷航空将裁员6900人	28470		2020-03-25T21:46:50.661663
36	麻生太郎吐槽欧洲	28437		2020-03-25T21:46:50.661755
37	巴赫称东京奥运没限定在夏季	27560		2020-03-25T21:46:50.661847
38	刘昊然妖猫传定妆照	27551		2020-03-25T21:46:50.661941
39	长得可爱也没什么用	24322		2020-03-25T21:46:50.662032
40	戴口罩的社交安全感	20438		2020-03-25T21:46:50.662123
41	尹正一口春饼嚼121下	20397		2020-03-25T21:46:50.662215
42	蔡徐坤戴眼镜素颜自拍	20065		2020-03-25T21:46:50.662306
43	塞尔维亚奶奶阳台遛狗	19747		2020-03-25T21:46:50.662397
44	少年的你确定重映	18734		2020-03-25T21:46:50.662489
45	乌克兰全境进入紧急情况	18671		2020-03-25T21:46:50.662582
46	没有豆皮的三鲜豆皮	17442		2020-03-25T21:46:50.662673
47	英国女王	17311		2020-03-25T21:46:50.662764
48	Pledis起诉周洁琼	16350		2020-03-25T21:46:50.662856
49	无法确认查尔斯王子在哪感染病毒	15985		2020-03-25T21:46:50.662947
50	美国疫情	14036		2020-03-25T21:46:50.663040
