排名	关键词	热度	特征	时间
1	苗苗肚子	2422863	热	2020-03-31T17:59:38.982269
2	意大利全境降半旗	1711280	热	2020-03-31T17:59:38.982339
3	导演佐佐部清去世	1669510	热	2020-03-31T17:59:38.982398
4	何雯娜家办婚礼分歧	1600210	热	2020-03-31T17:59:38.982452
5	许可馨	1482532	热	2020-03-31T17:59:38.982507
6	教刘昊然自拍	1466975		2020-03-31T17:59:38.982561
7	外交部回应中国留学生希望回国	1428884		2020-03-31T17:59:38.982604
8	李兰娟院士返杭丈夫郑树森院士接机	1145119	新	2020-03-31T17:59:38.982648
9	市长称纽约实际感染数远高于确诊数	1052411	新	2020-03-31T17:59:38.982701
10	邢台通报批评5名教师擅自出国	946720	新	2020-03-31T17:59:38.982754
11	韩国女留学生回国拒隔离被索赔	859468		2020-03-31T17:59:38.982806
12	安妮玫瑰	829054		2020-03-31T17:59:38.982849
13	个人所得税	826223		2020-03-31T17:59:38.982891
14	这行为怎么做到全国统一的	823393		2020-03-31T17:59:38.982933
15	北京市教委回应高考延期	820912	新	2020-03-31T17:59:38.982976
16	无症状感染者的4个发现途径	816823		2020-03-31T17:59:38.983029
17	三生三世无忧糕	813303	新	2020-03-31T17:59:38.983072
18	黎语冰手滑	807507		2020-03-31T17:59:38.983125
19	已发生森林火灾绝大多数是人为引发	807242	新	2020-03-31T17:59:38.983168
20	美国连锁巨头将临时解雇13万员工	795624	新	2020-03-31T17:59:38.983220
21	萧敬腾经纪人	744006		2020-03-31T17:59:38.983273
22	宿管阿姨帮学生晒被100多床	670512		2020-03-31T17:59:38.983315
23	冰糖炖雪梨	578747		2020-03-31T17:59:38.983357
24	陈飞宇	559592		2020-03-31T17:59:38.983400
25	梁超	498107		2020-03-31T17:59:38.983442
26	以前的人胆子都好大	493998		2020-03-31T17:59:38.983488
27	援鄂广东医疗队遇上福建队	456931	新	2020-03-31T17:59:38.983536
28	西昌泸山着火点复燃	433673		2020-03-31T17:59:38.983596
29	高考结束的那天做了什么	422735		2020-03-31T17:59:38.983643
30	高考版淡黄的长裙	368331		2020-03-31T17:59:38.983690
31	苏州黄埭车祸	344619		2020-03-31T17:59:38.983736
32	西昌森林火灾牺牲人员名单	325145		2020-03-31T17:59:38.983783
33	陪同普京视察的医师确诊新冠肺炎	316173		2020-03-31T17:59:38.983829
34	再也不怕秃头了	314883		2020-03-31T17:59:38.983876
35	Rookie五杀	314350		2020-03-31T17:59:38.983923
36	女童高空扔苹果砸瘫女婴被判赔185万	309788		2020-03-31T17:59:38.983969
37	记住了奇迹别忘了创造奇迹的他们	302180	新	2020-03-31T17:59:38.984016
38	印度返乡人员被用水枪消杀	292714		2020-03-31T17:59:38.984074
39	这条走廊安静了武汉就开始热闹了	280173		2020-03-31T17:59:38.984120
40	宋茜发带	264170		2020-03-31T17:59:38.984166
41	能不能退下住宿费	261598		2020-03-31T17:59:38.984246
42	华春莹回应所谓中国囤积医疗物资论	248014		2020-03-31T17:59:38.984300
43	援鄂医疗队员高喊李兰娟女神	243821	新	2020-03-31T17:59:38.984345
44	什么叫一物降一物	243645		2020-03-31T17:59:38.984402
45	倪妮芭莎封面	242875		2020-03-31T17:59:38.984451
46	吃瓜吃到自己的嫌疑人	239082		2020-03-31T17:59:38.984499
47	黄埭车祸司机系逃逸途中再肇事	228877		2020-03-31T17:59:38.984548
48	云南抓获91名偷越国境边境人员	202605		2020-03-31T17:59:38.984607
49	浙江省1千余名医疗队员归乡	194096		2020-03-31T17:59:38.984654
50	三个条件不满足不开学	175282		2020-03-31T17:59:38.984702
